# Energia (eV)   E^2 * fluence (eV)
1.07461e-07   0.00000e+00
1.24094e-07   0.00000e+00
1.43301e-07   0.00000e+00
1.65482e-07   0.00000e+00
1.91095e-07   0.00000e+00
2.20673e-07   0.00000e+00
2.54830e-07   0.00000e+00
2.94273e-07   0.00000e+00
3.39821e-07   0.00000e+00
3.92419e-07   0.00000e+00
4.53158e-07   0.00000e+00
5.23299e-07   0.00000e+00
6.04296e-07   0.00000e+00
6.97831e-07   0.00000e+00
8.05842e-07   0.00000e+00
9.30572e-07   0.00000e+00
1.07461e-06   0.00000e+00
1.24094e-06   0.00000e+00
1.43301e-06   0.00000e+00
1.65482e-06   0.00000e+00
1.91095e-06   0.00000e+00
2.20673e-06   0.00000e+00
2.54830e-06   0.00000e+00
2.94273e-06   0.00000e+00
3.39821e-06   0.00000e+00
3.92419e-06   0.00000e+00
4.53158e-06   0.00000e+00
5.23299e-06   0.00000e+00
6.04296e-06   0.00000e+00
6.97831e-06   0.00000e+00
8.05842e-06   0.00000e+00
9.30572e-06   0.00000e+00
1.07461e-05   0.00000e+00
1.24094e-05   0.00000e+00
1.43301e-05   0.00000e+00
1.65482e-05   0.00000e+00
1.91095e-05   0.00000e+00
2.20673e-05   0.00000e+00
2.54830e-05   0.00000e+00
2.94273e-05   0.00000e+00
3.39821e-05   0.00000e+00
3.92419e-05   0.00000e+00
4.53158e-05   0.00000e+00
5.23299e-05   0.00000e+00
6.04296e-05   0.00000e+00
6.97831e-05   0.00000e+00
8.05842e-05   0.00000e+00
9.30572e-05   0.00000e+00
1.07461e-04   0.00000e+00
1.24094e-04   0.00000e+00
1.43301e-04   0.00000e+00
1.65482e-04   0.00000e+00
1.91095e-04   0.00000e+00
2.20673e-04   0.00000e+00
2.54830e-04   0.00000e+00
2.94273e-04   0.00000e+00
3.39821e-04   0.00000e+00
3.92419e-04   0.00000e+00
4.53158e-04   0.00000e+00
5.23299e-04   0.00000e+00
6.04296e-04   0.00000e+00
6.97831e-04   0.00000e+00
8.05842e-04   0.00000e+00
9.30572e-04   0.00000e+00
1.07461e-03   0.00000e+00
1.24094e-03   0.00000e+00
1.43301e-03   0.00000e+00
1.65482e-03   0.00000e+00
1.91095e-03   0.00000e+00
2.20673e-03   0.00000e+00
2.54830e-03   0.00000e+00
2.94273e-03   0.00000e+00
3.39821e-03   0.00000e+00
3.92419e-03   0.00000e+00
4.53158e-03   0.00000e+00
5.23299e-03   0.00000e+00
6.04296e-03   0.00000e+00
6.97831e-03   0.00000e+00
8.05842e-03   0.00000e+00
9.30572e-03   0.00000e+00
1.07461e-02   0.00000e+00
1.24094e-02   0.00000e+00
1.43301e-02   0.00000e+00
1.65482e-02   0.00000e+00
1.91095e-02   0.00000e+00
2.20673e-02   0.00000e+00
2.54830e-02   0.00000e+00
2.94273e-02   0.00000e+00
3.39821e-02   0.00000e+00
3.92419e-02   0.00000e+00
4.53158e-02   0.00000e+00
5.23299e-02   0.00000e+00
6.04296e-02   0.00000e+00
6.97831e-02   0.00000e+00
8.05842e-02   0.00000e+00
9.30572e-02   0.00000e+00
1.07461e-01   0.00000e+00
1.24094e-01   0.00000e+00
1.43301e-01   0.00000e+00
1.65482e-01   0.00000e+00
1.91095e-01   0.00000e+00
2.20673e-01   0.00000e+00
2.54830e-01   0.00000e+00
2.94273e-01   0.00000e+00
3.39821e-01   0.00000e+00
3.92419e-01   0.00000e+00
4.53158e-01   0.00000e+00
5.23299e-01   0.00000e+00
6.04296e-01   0.00000e+00
6.97831e-01   0.00000e+00
8.05842e-01   0.00000e+00
9.30572e-01   0.00000e+00
1.07461e+00   0.00000e+00
1.24094e+00   0.00000e+00
1.43301e+00   0.00000e+00
1.65482e+00   0.00000e+00
1.91095e+00   0.00000e+00
2.20673e+00   0.00000e+00
2.54830e+00   0.00000e+00
2.94273e+00   0.00000e+00
3.39821e+00   0.00000e+00
3.92419e+00   0.00000e+00
4.53158e+00   0.00000e+00
5.23299e+00   0.00000e+00
6.04296e+00   0.00000e+00
6.97831e+00   0.00000e+00
8.05842e+00   0.00000e+00
9.30572e+00   0.00000e+00
1.07461e+01   0.00000e+00
1.24094e+01   0.00000e+00
1.43301e+01   0.00000e+00
1.65482e+01   0.00000e+00
1.91095e+01   0.00000e+00
2.20673e+01   0.00000e+00
2.54830e+01   0.00000e+00
2.94273e+01   0.00000e+00
3.39821e+01   0.00000e+00
3.92419e+01   0.00000e+00
4.53158e+01   0.00000e+00
5.23299e+01   0.00000e+00
6.04296e+01   0.00000e+00
6.97831e+01   0.00000e+00
8.05842e+01   0.00000e+00
9.30572e+01   0.00000e+00
1.07461e+02   0.00000e+00
1.24094e+02   0.00000e+00
1.43301e+02   0.00000e+00
1.65482e+02   0.00000e+00
1.91095e+02   0.00000e+00
2.20673e+02   0.00000e+00
2.54830e+02   0.00000e+00
2.94273e+02   0.00000e+00
3.39821e+02   0.00000e+00
3.92419e+02   0.00000e+00
4.53158e+02   0.00000e+00
5.23299e+02   0.00000e+00
6.04296e+02   0.00000e+00
6.97831e+02   0.00000e+00
8.05842e+02   0.00000e+00
9.30572e+02   0.00000e+00
1.07461e+03   0.00000e+00
1.24094e+03   0.00000e+00
1.43301e+03   0.00000e+00
1.65482e+03   0.00000e+00
1.91095e+03   0.00000e+00
2.20673e+03   0.00000e+00
2.54830e+03   0.00000e+00
2.94273e+03   0.00000e+00
3.39821e+03   0.00000e+00
3.92419e+03   0.00000e+00
4.53158e+03   0.00000e+00
5.23299e+03   0.00000e+00
6.04296e+03   0.00000e+00
6.97831e+03   0.00000e+00
8.05842e+03   0.00000e+00
9.30572e+03   0.00000e+00
1.07461e+04   0.00000e+00
1.24094e+04   0.00000e+00
1.43301e+04   0.00000e+00
1.65482e+04   0.00000e+00
1.91095e+04   0.00000e+00
2.20673e+04   0.00000e+00
2.54830e+04   0.00000e+00
2.94273e+04   0.00000e+00
3.39821e+04   0.00000e+00
3.92419e+04   0.00000e+00
4.53158e+04   0.00000e+00
5.23299e+04   0.00000e+00
6.04296e+04   0.00000e+00
6.97831e+04   0.00000e+00
8.05842e+04   0.00000e+00
9.30572e+04   0.00000e+00
1.07461e+05   0.00000e+00
1.24094e+05   0.00000e+00
1.43301e+05   0.00000e+00
1.65482e+05   0.00000e+00
1.91095e+05   0.00000e+00
2.20673e+05   0.00000e+00
2.54830e+05   0.00000e+00
2.94273e+05   0.00000e+00
3.39821e+05   0.00000e+00
3.92419e+05   0.00000e+00
4.53158e+05   0.00000e+00
5.23299e+05   9.72255e+48
6.04296e+05   1.30212e+49
6.97831e+05   1.74387e+49
8.05842e+05   2.33545e+49
9.30572e+05   3.12764e+49
1.07461e+06   4.19115e+49
1.24094e+06   5.59642e+49
1.43301e+06   7.47553e+49
1.65482e+06   9.99058e+49
1.91095e+06   1.33628e+50
2.20673e+06   1.78892e+50
2.54830e+06   2.39778e+50
2.94273e+06   3.21883e+50
3.39821e+06   4.33208e+50
3.92419e+06   5.84566e+50
4.53158e+06   7.91352e+50
5.23299e+06   1.07521e+51
6.04296e+06   1.46906e+51
6.97831e+06   2.01444e+51
8.05842e+06   2.77358e+51
9.30572e+06   3.83051e+51
1.07461e+07   5.31880e+51
1.24094e+07   7.36880e+51
1.43301e+07   1.01860e+52
1.65482e+07   1.40286e+52
1.91095e+07   1.92192e+52
2.20673e+07   2.62180e+52
2.54830e+07   3.55135e+52
2.94273e+07   4.73671e+52
3.39821e+07   6.20369e+52
3.92419e+07   7.96612e+52
4.53158e+07   1.00778e+53
5.23299e+07   1.26008e+53
6.04296e+07   1.54271e+53
6.97831e+07   1.84335e+53
8.05842e+07   2.13715e+53
9.30572e+07   2.38918e+53
1.07461e+08   2.56283e+53
1.24094e+08   2.70515e+53
1.43301e+08   2.80478e+53
1.65482e+08   2.86185e+53
1.91095e+08   2.84531e+53
2.20673e+08   2.84369e+53
2.54830e+08   2.81009e+53
2.94273e+08   2.74622e+53
3.39821e+08   2.63620e+53
3.92419e+08   2.57191e+53
4.53158e+08   2.49767e+53
5.23299e+08   2.41549e+53
6.04296e+08   2.31138e+53
6.97831e+08   2.25741e+53
8.05842e+08   2.20102e+53
9.30572e+08   2.14091e+53
1.07461e+09   2.05299e+53
1.24094e+09   2.01428e+53
1.43301e+09   1.97099e+53
1.65482e+09   1.92285e+53
1.91095e+09   1.84514e+53
2.20673e+09   1.81430e+53
2.54830e+09   1.77904e+53
2.94273e+09   1.73889e+53
3.39821e+09   1.67179e+53
3.92419e+09   1.64503e+53
4.53158e+09   1.61293e+53
5.23299e+09   1.57503e+53
6.04296e+09   1.51404e+53
6.97831e+09   1.48820e+53
8.05842e+09   1.45879e+53
9.30572e+09   1.42598e+53
1.07461e+10   1.37509e+53
1.24094e+10   1.35612e+53
1.43301e+10   1.33407e+53
1.65482e+10   1.30837e+53
1.91095e+10   1.26181e+53
2.20673e+10   1.24522e+53
2.54830e+10   1.22479e+53
2.94273e+10   1.20050e+53
3.39821e+10   1.15530e+53
3.92419e+10   1.14020e+53
4.53158e+10   1.12250e+53
5.23299e+10   1.10197e+53
6.04296e+10   1.06199e+53
6.97831e+10   1.05062e+53
8.05842e+10   1.03690e+53
9.30572e+10   1.02039e+53
1.07461e+11   9.84774e+52
1.24094e+11   9.75393e+52
1.43301e+11   9.63346e+52
1.65482e+11   9.48253e+52
1.91095e+11   9.14644e+52
2.20673e+11   9.05493e+52
2.54830e+11   8.93714e+52
2.94273e+11   8.78986e+52
3.39821e+11   8.46820e+52
3.92419e+11   8.37491e+52
4.53158e+11   8.25618e+52
5.23299e+11   8.10931e+52
6.04296e+11   7.79859e+52
6.97831e+11   7.70023e+52
8.05842e+11   7.57732e+52
9.30572e+11   7.42734e+52
1.07461e+12   7.12399e+52
1.24094e+12   7.01722e+52
1.43301e+12   6.88677e+52
1.65482e+12   6.73041e+52
1.91095e+12   6.43105e+52
2.20673e+12   6.31273e+52
2.54830e+12   6.17175e+52
2.94273e+12   6.00612e+52
3.39821e+12   5.70808e+52
3.92419e+12   5.57578e+52
4.53158e+12   5.42200e+52
5.23299e+12   5.24538e+52
6.04296e+12   4.94758e+52
6.97831e+12   4.80027e+52
8.05842e+12   4.63343e+52
9.30572e+12   4.44614e+52
1.07461e+13   4.15011e+52
1.24094e+13   3.98944e+52
1.43301e+13   3.81205e+52
1.65482e+13   3.61769e+52
1.91095e+13   3.32879e+52
2.20673e+13   3.16008e+52
2.54830e+13   2.97871e+52
2.94273e+13   2.78501e+52
3.39821e+13   2.51309e+52
3.92419e+13   2.34597e+52
4.53158e+13   2.17128e+52
5.23299e+13   1.99001e+52
6.04296e+13   1.74871e+52
6.97831e+13   1.59620e+52
8.05842e+13   1.44180e+52
9.30572e+13   1.28677e+52
1.07461e+14   1.09062e+52
1.24094e+14   9.66183e+51
1.43301e+14   8.44883e+51
1.65482e+14   7.27827e+51
1.91095e+14   5.87085e+51
2.20673e+14   4.99790e+51
2.54830e+14   4.18593e+51
2.94273e+14   3.44024e+51
3.39821e+14   2.59120e+51
3.92419e+14   2.09177e+51
4.53158e+14   1.65414e+51
5.23299e+14   1.27703e+51
6.04296e+14   8.73765e+50
6.97831e+14   6.57015e+50
8.05842e+14   4.81315e+50
9.30572e+14   3.41972e+50
1.07461e+15   2.04062e+50
1.24094e+15   1.39519e+50
1.43301e+15   9.23153e+49
1.65482e+15   5.87546e+49
1.91095e+15   2.87275e+49
2.20673e+15   1.72695e+49
2.54830e+15   9.96876e+48
2.94273e+15   5.48250e+48
3.39821e+15   1.98336e+48
3.92419e+15   9.96308e+47
4.53158e+15   4.76715e+47
5.23299e+15   2.16198e+47
6.04296e+15   4.82755e+46
6.97831e+15   1.85378e+46
8.05842e+15   6.69221e+45
9.30572e+15   2.32223e+45
1.07461e+16   2.44559e+44
1.24094e+16   6.11072e+43
1.43301e+16   1.36215e+43
1.65482e+16   2.97694e+42
1.91095e+16   1.12512e+41
2.20673e+16   1.38292e+40
2.54830e+16   1.29914e+39
2.94273e+16   1.10464e+38
3.39821e+16   1.00071e+36
3.92419e+16   3.78685e+34
4.53158e+16   8.30380e+32
5.23299e+16   1.08934e+31
6.04296e+16   1.16606e+28
6.97831e+16   5.11586e+25
8.05842e+16   7.03277e+22
9.30572e+16   0.00000e+00
