Ev [GeV]   dN_dEv [s^-1 GeV^-1]
3.398210e-02 2.910312e-07
3.924190e-02 2.799166e-07
4.531580e-02 2.651573e-07
5.232990e-02 2.480388e-07
6.042960e-02 2.268139e-07
6.978310e-02 2.023584e-07
8.058420e-02 1.749614e-07
9.305720e-02 1.456396e-07
1.074610e-01 1.155716e-07
1.240940e-01 9.072795e-08
1.433010e-01 7.002766e-08
1.654820e-01 5.328058e-08
1.910950e-01 3.942028e-08
2.206730e-01 2.960739e-08
2.548300e-01 2.207635e-08
2.942730e-01 1.634258e-08
3.398210e-01 1.192720e-08
3.924190e-01 8.868839e-09
4.531580e-01 6.579701e-09
5.232990e-01 4.871652e-09
6.042960e-01 3.580457e-09
6.978310e-01 2.681353e-09
8.058420e-01 2.006726e-09
9.305720e-01 1.499690e-09
1.074610e+00 1.108669e-09
1.240940e+00 8.355603e-10
1.433010e+00 6.283890e-10
1.654820e+00 4.714004e-10
1.910950e+00 3.491424e-10
2.206730e+00 2.636956e-10
2.548300e+00 1.986433e-10
2.942730e+00 1.492012e-10
3.398210e+00 1.106182e-10
3.924190e+00 8.352929e-11
4.531580e+00 6.286756e-11
5.232990e+00 4.714652e-11
6.042960e+00 3.492163e-11
6.978310e+00 2.633282e-11
8.058420e+00 1.980632e-11
9.305720e+00 1.485892e-11
1.074610e+01 1.102366e-11
1.240940e+01 8.328939e-12
1.433010e+01 6.277577e-12
1.654820e+01 4.717735e-12
1.910950e+01 3.497055e-12
2.206730e+01 2.641836e-12
2.548300e+01 1.989812e-12
2.942730e+01 1.494037e-12
3.398210e+01 1.105132e-12
3.924190e+01 8.346036e-13
4.531580e+01 6.287974e-13
5.232990e+01 4.724708e-13
6.042960e+01 3.496338e-13
6.978310e+01 2.643690e-13
8.058420e+01 1.994214e-13
9.305720e+01 1.500020e-13
1.074610e+02 1.110148e-13
1.240940e+02 8.394710e-14
1.433010e+02 6.330164e-14
1.654820e+02 4.757912e-14
1.910950e+02 3.515892e-14
2.206730e+02 2.655122e-14
2.548300e+02 1.999082e-14
2.942730e+02 1.500020e-14
3.398210e+02 1.106014e-14
3.924190e+02 8.336356e-15
4.531580e+02 6.263392e-15
5.232990e+02 4.688921e-15
6.042960e+02 3.447197e-15
6.978310e+02 2.591444e-15
8.058420e+02 1.941456e-15
9.305720e+02 1.448854e-15
1.074610e+03 1.060976e-15
1.240940e+03 7.947553e-16
1.433010e+03 5.931066e-16
1.654820e+03 4.407363e-16
1.910950e+03 3.210355e-16
2.206730e+03 2.393266e-16
2.548300e+03 1.776698e-16
2.942730e+03 1.312728e-16
3.398210e+03 9.493653e-17
3.924190e+03 7.031875e-17
4.531580e+03 5.183787e-17
5.232990e+03 3.800908e-17
6.042960e+03 2.722486e-17
6.978310e+03 1.999264e-17
8.058420e+03 1.460139e-17
9.305720e+03 1.059795e-17
1.074610e+04 7.493707e-18
1.240940e+04 5.440729e-18
1.433010e+04 3.924852e-18
1.654820e+04 2.810677e-18
1.910950e+04 1.953457e-18
2.206730e+04 1.397109e-18
2.548300e+04 9.915638e-19
2.942730e+04 6.976068e-19
3.398210e+04 4.737835e-19
3.924190e+04 3.322025e-19
4.531580e+04 2.307634e-19
5.232990e+04 1.586005e-19
6.042960e+04 1.044264e-19
6.978310e+04 7.133034e-20
8.058420e+04 4.816585e-20
9.305720e+04 3.209843e-20
1.074610e+05 2.026497e-20
1.240940e+05 1.337196e-20
1.433010e+05 8.697699e-21
1.654820e+05 5.564536e-21
1.910950e+05 3.316861e-21
2.206730e+05 2.090505e-21
2.548300e+05 1.293925e-21
2.942730e+05 7.842515e-22
3.398210e+05 4.316192e-22
3.924190e+05 2.559241e-22
4.531580e+05 1.483014e-22
5.232990e+05 8.366750e-23
6.042960e+05 4.114999e-23
6.978310e+05 2.248938e-23
8.058420e+05 1.193926e-23
9.305720e+05 6.125650e-24
1.074610e+06 2.563484e-24
1.240940e+06 1.255863e-24
1.433010e+06 5.932977e-25
1.654820e+06 2.684299e-25
1.910950e+06 8.851036e-26
2.206730e+06 3.734978e-26
2.548300e+06 1.507402e-26
2.942730e+06 5.772451e-27
3.398210e+06 1.314741e-27
3.924190e+06 4.480415e-28
4.531580e+06 1.447831e-28
5.232990e+06 4.446733e-29
6.042960e+06 5.561726e-30
6.978310e+06 1.361220e-30
8.058420e+06 3.083078e-31
9.305720e+06 6.780677e-32
1.074610e+07 3.523263e-33
1.240940e+07 5.028345e-34
1.433010e+07 6.064019e-35
1.654820e+07 7.088250e-36
1.910950e+07 1.128484e-37
2.206730e+07 6.564106e-39
2.548300e+07 2.611112e-40
2.942730e+07 8.164580e-42
3.398210e+07 2.368889e-44
3.924190e+07 3.084694e-46
4.531580e+07 1.857291e-48
5.232990e+07 4.989374e-51
6.042960e+07 9.058428e-55
6.978310e+07 5.253676e-58
8.058420e+07 6.872338e-62
9.305720e+07 0.000000e+00
