Ev [GeV]   dN_dEv [s^-1 GeV^-1]
3.398210e-02 9.180537e-07
3.924190e-02 8.829926e-07
4.531580e-02 8.364347e-07
5.232990e-02 7.824347e-07
6.042960e-02 7.154810e-07
6.978310e-02 6.383367e-07
8.058420e-02 5.519130e-07
9.305720e-02 4.594180e-07
1.074610e-01 3.645690e-07
1.240940e-01 2.862000e-07
1.433010e-01 2.209012e-07
1.654820e-01 1.680728e-07
1.910950e-01 1.243507e-07
2.206730e-01 9.339605e-08
2.548300e-01 6.963950e-08
2.942730e-01 5.155243e-08
3.398210e-01 3.762417e-08
3.924190e-01 2.797662e-08
4.531580e-01 2.075557e-08
5.232990e-01 1.536755e-08
6.042960e-01 1.129450e-08
6.978310e-01 8.458288e-09
8.058420e-01 6.330188e-09
9.305720e-01 4.730749e-09
1.074610e+00 3.497279e-09
1.240940e+00 2.635762e-09
1.433010e+00 1.982244e-09
1.654820e+00 1.487025e-09
1.910950e+00 1.101364e-09
2.206730e+00 8.318238e-10
2.548300e+00 6.266173e-10
2.942730e+00 4.706529e-10
3.398210e+00 3.489435e-10
3.924190e+00 2.634919e-10
4.531580e+00 1.983148e-10
5.232990e+00 1.487230e-10
6.042960e+00 1.101598e-10
6.978310e+00 8.306648e-11
8.058420e+00 6.247873e-11
9.305720e+00 4.687224e-11
1.074610e+01 3.477396e-11
1.240940e+01 2.627351e-11
1.433010e+01 1.980252e-11
1.654820e+01 1.488202e-11
1.910950e+01 1.103141e-11
2.206730e+01 8.333631e-12
2.548300e+01 6.276831e-12
2.942730e+01 4.712916e-12
3.398210e+01 3.486123e-12
3.924190e+01 2.632744e-12
4.531580e+01 1.983532e-12
5.232990e+01 1.490402e-12
6.042960e+01 1.102915e-12
6.978310e+01 8.339480e-13
8.058420e+01 6.290717e-13
9.305720e+01 4.731790e-13
1.074610e+02 3.501944e-13
1.240940e+02 2.648099e-13
1.433010e+02 1.996841e-13
1.654820e+02 1.500876e-13
1.910950e+02 1.109083e-13
2.206730e+02 8.375543e-14
2.548300e+02 6.306075e-14
2.942730e+02 4.731790e-14
3.398210e+02 3.488904e-14
3.924190e+02 2.629691e-14
4.531580e+02 1.975777e-14
5.232990e+02 1.479113e-14
6.042960e+02 1.087413e-14
6.978310e+02 8.174671e-15
8.058420e+02 6.124293e-15
9.305720e+02 4.570389e-15
1.074610e+03 3.346833e-15
1.240940e+03 2.507044e-15
1.433010e+03 1.870946e-15
1.654820e+03 1.390296e-15
1.910950e+03 1.012702e-15
2.206730e+03 7.549521e-16
2.548300e+03 5.604567e-16
2.942730e+03 4.140980e-16
3.398210e+03 2.994759e-16
3.924190e+03 2.218194e-16
4.531580e+03 1.635218e-16
5.232990e+03 1.198991e-16
6.042960e+03 8.588040e-17
6.978310e+03 6.306649e-17
8.058420e+03 4.605985e-17
9.305720e+03 3.343109e-17
1.074610e+04 2.363878e-17
1.240940e+04 1.716270e-17
1.433010e+04 1.238089e-17
1.654820e+04 8.866240e-18
1.910950e+04 6.162149e-18
2.206730e+04 4.407159e-18
2.548300e+04 3.127873e-18
2.942730e+04 2.200590e-18
3.398210e+04 1.494543e-18
3.924190e+04 1.047928e-18
4.531580e+04 7.279395e-19
5.232990e+04 5.003028e-19
6.042960e+04 3.294114e-19
6.978310e+04 2.250105e-19
8.058420e+04 1.519384e-19
9.305720e+04 1.012540e-19
1.074610e+05 6.392553e-20
1.240940e+05 4.218164e-20
1.433010e+05 2.743676e-20
1.654820e+05 1.755324e-20
1.910950e+05 1.046299e-20
2.206730e+05 6.594465e-21
2.548300e+05 4.081666e-21
2.942730e+05 2.473909e-21
3.398210e+05 1.361536e-21
3.924190e+05 8.073087e-22
4.531580e+05 4.678145e-22
5.232990e+05 2.639279e-22
6.042960e+05 1.298070e-22
6.978310e+05 7.094240e-23
8.058420e+05 3.766220e-23
9.305720e+05 1.932327e-23
1.074610e+06 8.086471e-24
1.240940e+06 3.961602e-24
1.433010e+06 1.871549e-24
1.654820e+06 8.467582e-25
1.910950e+06 2.792046e-25
2.206730e+06 1.178193e-25
2.548300e+06 4.755078e-26
2.942730e+06 1.820911e-26
3.398210e+06 4.147331e-27
3.924190e+06 1.413340e-27
4.531580e+06 4.567160e-28
5.232990e+06 1.402715e-28
6.042960e+06 1.754438e-29
6.978310e+06 4.293948e-30
8.058420e+06 9.725524e-31
9.305720e+06 2.138954e-31
1.074610e+07 1.111408e-32
1.240940e+07 1.586184e-33
1.433010e+07 1.912886e-34
1.654820e+07 2.235978e-35
1.910950e+07 3.559787e-37
2.206730e+07 2.070637e-38
2.548300e+07 8.236712e-40
2.942730e+07 2.575504e-41
3.398210e+07 7.472624e-44
3.924190e+07 9.730620e-46
4.531580e+07 5.858796e-48
5.232990e+07 1.573890e-50
6.042960e+07 2.857468e-54
6.978310e+07 1.657264e-57
8.058420e+07 2.167869e-61
9.305720e+07 0.000000e+00
