Ev [GeV]   dN_dEv [s^-1 GeV^-1]
3.398210e-02 3.815810e+01
3.924190e-02 3.679943e+01
4.531580e-02 3.498484e+01
5.232990e-02 3.288604e+01
6.042960e-02 3.029705e+01
6.978310e-02 2.726374e+01
8.058420e-02 2.383944e+01
9.305720e-02 2.014185e+01
1.074610e-01 1.638817e+01
1.240940e-01 1.312605e+01
1.433010e-01 1.034488e+01
1.654820e-01 8.036776e+00
1.910950e-01 6.110848e+00
2.206730e-01 4.663894e+00
2.548300e-01 3.525535e+00
2.942730e-01 2.640936e+00
3.398210e-01 1.951640e+00
3.924190e-01 1.462082e+00
4.531580e-01 1.091862e+00
5.232990e-01 8.132383e-01
6.042960e-01 6.012961e-01
6.978310e-01 4.524131e-01
8.058420e-01 3.401384e-01
9.305720e-01 2.553605e-01
1.074610e+00 1.897384e-01
1.240940e+00 1.436357e-01
1.433010e+00 1.085219e-01
1.654820e+00 8.180394e-02
1.910950e+00 6.092763e-02
2.206730e+00 4.624518e-02
2.548300e+00 3.501772e-02
2.942730e+00 2.644542e-02
3.398210e+00 1.973151e-02
3.924190e+00 1.498377e-02
4.531580e+00 1.134452e-02
5.232990e+00 8.561233e-03
6.042960e+00 6.387514e-03
6.978310e+00 4.847882e-03
8.058420e+00 3.671101e-03
9.305720e+00 2.773570e-03
1.074610e+01 2.074078e-03
1.240940e+01 1.578109e-03
1.433010e+01 1.198088e-03
1.654820e+01 9.071901e-04
1.910950e+01 6.783261e-04
2.206730e+01 5.163510e-04
2.548300e+01 3.919956e-04
2.942730e+01 2.967506e-04
3.398210e+01 2.216134e-04
3.924190e+01 1.687380e-04
4.531580e+01 1.281997e-04
5.232990e+01 9.716129e-05
6.042960e+01 7.262470e-05
6.978310e+01 5.537786e-05
8.058420e+01 4.213270e-05
9.305720e+01 3.197059e-05
1.074610e+02 2.390562e-05
1.240940e+02 1.823247e-05
1.433010e+02 1.386923e-05
1.654820e+02 1.051805e-05
1.910950e+02 7.854915e-06
2.206730e+02 5.983947e-06
2.548300e+02 4.545712e-06
2.942730e+02 3.442059e-06
3.398210e+02 2.565362e-06
3.924190e+02 1.950756e-06
4.531580e+02 1.478883e-06
5.232990e+02 1.117302e-06
6.042960e+02 8.303591e-07
6.978310e+02 6.297682e-07
8.058420e+02 4.760592e-07
9.305720e+02 3.585234e-07
1.074610e+03 2.653951e-07
1.240940e+03 2.005536e-07
1.433010e+03 1.510024e-07
1.654820e+03 1.132256e-07
1.910950e+03 8.336308e-08
2.206730e+03 6.268475e-08
2.548300e+03 4.694358e-08
2.942730e+03 3.499340e-08
3.398210e+03 2.557639e-08
3.924190e+03 1.910537e-08
4.531580e+03 1.420524e-08
5.232990e+03 1.050649e-08
6.042960e+03 7.604431e-09
6.978310e+03 5.630837e-09
8.058420e+03 4.147036e-09
9.305720e+03 3.035715e-09
1.074610e+04 2.168800e-09
1.240940e+04 1.587518e-09
1.433010e+04 1.154680e-09
1.654820e+04 8.338491e-10
1.910950e+04 5.855375e-10
2.206730e+04 4.221643e-10
2.548300e+04 3.020766e-10
2.942730e+04 2.143020e-10
3.398210e+04 1.470704e-10
3.924190e+04 1.039557e-10
4.531580e+04 7.280748e-11
5.232990e+04 5.046198e-11
6.042960e+04 3.358527e-11
6.978310e+04 2.313012e-11
8.058420e+04 1.575028e-11
9.305720e+04 1.058726e-11
1.074610e+05 6.760989e-12
1.240940e+05 4.499552e-12
1.433010e+05 2.952487e-12
1.654820e+05 1.906144e-12
1.910950e+05 1.150529e-12
2.206730e+05 7.317817e-13
2.548300e+05 4.572142e-13
2.942730e+05 2.798439e-13
3.398210e+05 1.562276e-13
3.924190e+05 9.356401e-14
4.531580e+05 5.478156e-14
5.232990e+05 3.124193e-14
6.042960e+05 1.562801e-14
6.978310e+05 8.637953e-15
8.058420e+05 4.639619e-15
9.305720e+05 2.409724e-15
1.074610e+06 1.029906e-15
1.240940e+06 5.112418e-16
1.433010e+06 2.448285e-16
1.654820e+06 1.123535e-16
1.910950e+06 3.809179e-17
2.206730e+06 1.633595e-17
2.548300e+06 6.702906e-18
2.942730e+06 2.610278e-18
3.398210e+06 6.186905e-19
3.924190e+06 2.154487e-19
4.531580e+06 7.117857e-20
5.232990e+06 2.231857e-20
6.042960e+06 2.958111e-21
6.978310e+06 7.473164e-22
8.058420e+06 1.752302e-22
9.305720e+06 3.980636e-23
1.074610e+07 2.226427e-24
1.240940e+07 3.337085e-25
1.433010e+07 4.267788e-26
1.654820e+07 5.306105e-27
1.910950e+07 9.300999e-29
2.206730e+07 5.847763e-30
2.548300e+07 2.557763e-31
2.942730e+07 9.021169e-33
3.398210e+07 2.997680e-35
3.924190e+07 4.442865e-37
4.531580e+07 3.165020e-39
5.232990e+07 1.049571e-41
6.042960e+07 2.427519e-45
6.978310e+07 1.865856e-48
8.058420e+07 3.389420e-52
9.305720e+07 0.000000e+00
