Ev [GeV]   dN_dEv [s^-1 GeV^-1]
3.398210e-02 6.305064e-09
3.924190e-02 6.071585e-09
4.531580e-02 5.759686e-09
5.232990e-02 5.398117e-09
6.042960e-02 4.952928e-09
6.978310e-02 4.434079e-09
8.058420e-02 3.851181e-09
9.305720e-02 3.224537e-09
1.074610e-01 2.586132e-09
1.240940e-01 2.043561e-09
1.433010e-01 1.586613e-09
1.654820e-01 1.213529e-09
1.910950e-01 9.043235e-10
2.206730e-01 6.807866e-10
2.548300e-01 5.082409e-10
2.942730e-01 3.764258e-10
3.398210e-01 2.748033e-10
3.924190e-01 2.043545e-10
4.531580e-01 1.516191e-10
5.232990e-01 1.122679e-10
6.042960e-01 8.251751e-11
6.978310e-01 6.179967e-11
8.058420e-01 4.625358e-11
9.305720e-01 3.456879e-11
1.074610e+00 2.555722e-11
1.240940e+00 1.926266e-11
1.433010e+00 1.448762e-11
1.654820e+00 1.086898e-11
1.910950e+00 8.050778e-12
2.206730e+00 6.080981e-12
2.548300e+00 4.581226e-12
2.942730e+00 3.441286e-12
3.398210e+00 2.551675e-12
3.924190e+00 1.927018e-12
4.531580e+00 1.450519e-12
5.232990e+00 1.087940e-12
6.042960e+00 8.059701e-13
6.978310e+00 6.078403e-13
8.058420e+00 4.572682e-13
9.305720e+00 3.431122e-13
1.074610e+01 2.546075e-13
1.240940e+01 1.924106e-13
1.433010e+01 1.450561e-13
1.654820e+01 1.090418e-13
1.910950e+01 8.085442e-14
2.206730e+01 6.110027e-14
2.548300e+01 4.603650e-14
2.942730e+01 3.457978e-14
3.398210e+01 2.559095e-14
3.924190e+01 1.933540e-14
4.531580e+01 1.457495e-14
5.232990e+01 1.095777e-14
6.042960e+01 8.114686e-15
6.978310e+01 6.139942e-15
8.058420e+01 4.635015e-15
9.305720e+01 3.489310e-15
1.074610e+02 2.585105e-15
1.240940e+02 1.956735e-15
1.433010e+02 1.477129e-15
1.654820e+02 1.111605e-15
1.910950e+02 8.226961e-16
2.206730e+02 6.221795e-16
2.548300e+02 4.692024e-16
2.942730e+02 3.526983e-16
3.398210e+02 2.606388e-16
3.924190e+02 1.968636e-16
4.531580e+02 1.482538e-16
5.232990e+02 1.112729e-16
6.042960e+02 8.207043e-17
6.978310e+02 6.188234e-17
8.058420e+02 4.651492e-17
9.305720e+02 3.484033e-17
1.074610e+03 2.563082e-17
1.240940e+03 1.928122e-17
1.433010e+03 1.445637e-17
1.654820e+03 1.079785e-17
1.910950e+03 7.916278e-18
2.206730e+03 5.936409e-18
2.548300e+03 4.435632e-18
2.942730e+03 3.300686e-18
3.398210e+03 2.408553e-18
3.924190e+03 1.798519e-18
4.531580e+03 1.337627e-18
5.232990e+03 9.903504e-19
6.042960e+03 7.181227e-19
6.978310e+03 5.331854e-19
8.058420e+03 3.940964e-19
9.305720e+03 2.898101e-19
1.074610e+04 2.083654e-19
1.240940e+04 1.535316e-19
1.433010e+04 1.125455e-19
1.654820e+04 8.201937e-20
1.910950e+04 5.830151e-20
2.206730e+04 4.252591e-20
2.548300e+04 3.083298e-20
2.942730e+04 2.220314e-20
3.398210e+04 1.554362e-20
3.924190e+04 1.118709e-20
4.531580e+04 7.994401e-21
5.232990e+04 5.666793e-21
6.042960e+04 3.887063e-21
6.978310e+04 2.748750e-21
8.058420e+04 1.927157e-21
9.305720e+04 1.337993e-21
1.074610e+05 8.930623e-22
1.240940e+05 6.170577e-22
1.433010e+05 4.218980e-22
1.654820e+05 2.850193e-22
1.910950e+05 1.833761e-22
2.206730e+05 1.228893e-22
2.548300e+05 8.128786e-23
2.942730e+05 5.297300e-23
3.398210e+05 3.242114e-23
3.924190e+05 2.086700e-23
4.531580e+05 1.321295e-23
5.232990e+05 8.210404e-24
6.042960e+05 4.691393e-24
6.978310e+05 2.862026e-24
8.058420e+05 1.710356e-24
9.305720e+05 9.979490e-25
1.074610e+06 5.180636e-25
1.240940e+06 2.943084e-25
1.433010e+06 1.628886e-25
1.654820e+06 8.744057e-26
1.910950e+06 3.960966e-26
2.206730e+06 2.045724e-26
2.548300e+06 1.022437e-26
2.942730e+06 4.915519e-27
3.398210e+06 1.826363e-27
3.924190e+06 8.294080e-28
4.531580e+06 3.616094e-28
5.232990e+06 1.501817e-28
6.042960e+06 4.136280e-29
6.978310e+06 1.570238e-29
8.058420e+06 5.676224e-30
9.305720e+06 1.943106e-30
1.074610e+07 3.310485e-31
1.240940e+07 9.615996e-32
1.433010e+07 2.626239e-32
1.654820e+07 6.883971e-33
1.910950e+07 5.525841e-34
2.206730e+07 1.045626e-34
2.548300e+07 1.767450e-35
2.942730e+07 2.926694e-36
3.398210e+07 8.408222e-38
3.924190e+07 7.833872e-39
4.531580e+07 5.588713e-40
5.232990e+07 3.615935e-41
6.042960e+07 2.473228e-43
6.978310e+07 6.837485e-45
8.058420e+07 8.187385e-47
9.305720e+07 0.000000e+00
