Ev [GeV]   dN_dEv [s^-1 GeV^-1]
3.398210e-02 1.521342e-07
3.924190e-02 1.463241e-07
4.531580e-02 1.386088e-07
5.232990e-02 1.296603e-07
6.042960e-02 1.185651e-07
6.978310e-02 1.057812e-07
8.058420e-02 9.145962e-08
9.305720e-02 7.613191e-08
1.074610e-01 6.041413e-08
1.240940e-01 4.742729e-08
1.433010e-01 3.660638e-08
1.654820e-01 2.785198e-08
1.910950e-01 2.060663e-08
2.206730e-01 1.547702e-08
2.548300e-01 1.154023e-08
2.942730e-01 8.542951e-09
3.398210e-01 6.234845e-09
3.924190e-01 4.636113e-09
4.531580e-01 3.439485e-09
5.232990e-01 2.546616e-09
6.042960e-01 1.871655e-09
6.978310e-01 1.401655e-09
8.058420e-01 1.049000e-09
9.305720e-01 7.839506e-10
1.074610e+00 5.795475e-10
1.240940e+00 4.367823e-10
1.433010e+00 3.284852e-10
1.654820e+00 2.464207e-10
1.910950e+00 1.825113e-10
2.206730e+00 1.378447e-10
2.548300e+00 1.038392e-10
2.942730e+00 7.799369e-11
3.398210e+00 5.782477e-11
3.924190e+00 4.366425e-11
4.531580e+00 3.286350e-11
5.232990e+00 2.464546e-11
6.042960e+00 1.825500e-11
6.978310e+00 1.376526e-11
8.058420e+00 1.035359e-11
9.305720e+00 7.767378e-12
1.074610e+01 5.762527e-12
1.240940e+01 4.353885e-12
1.433010e+01 3.281552e-12
1.654820e+01 2.466157e-12
1.910950e+01 1.828057e-12
2.206730e+01 1.380998e-12
2.548300e+01 1.040158e-12
2.942730e+01 7.809954e-13
3.398210e+01 5.776988e-13
3.924190e+01 4.362822e-13
4.531580e+01 3.286987e-13
5.232990e+01 2.469802e-13
6.042960e+01 1.827682e-13
6.978310e+01 1.381967e-13
8.058420e+01 1.042459e-13
9.305720e+01 7.841231e-14
1.074610e+02 5.803205e-14
1.240940e+02 4.388266e-14
1.433010e+02 3.309041e-14
1.654820e+02 2.487159e-14
1.910950e+02 1.837904e-14
2.206730e+02 1.387943e-14
2.548300e+02 1.045004e-14
2.942730e+02 7.841231e-15
3.398210e+02 5.781597e-15
3.924190e+02 4.357762e-15
4.531580e+02 3.274137e-15
5.232990e+02 2.451095e-15
6.042960e+02 1.801994e-15
6.978310e+02 1.354656e-15
8.058420e+02 1.014880e-15
9.305720e+02 7.573768e-16
1.074610e+03 5.546166e-16
1.240940e+03 4.154518e-16
1.433010e+03 3.100416e-16
1.654820e+03 2.303913e-16
1.910950e+03 1.678187e-16
2.206730e+03 1.251060e-16
2.548300e+03 9.287543e-17
2.942730e+03 6.862177e-17
3.398210e+03 4.962729e-17
3.924190e+03 3.675855e-17
4.531580e+03 2.709782e-17
5.232990e+03 1.986894e-17
6.042960e+03 1.423157e-17
6.978310e+03 1.045099e-17
8.058420e+03 7.632755e-18
9.305720e+03 5.539994e-18
1.074610e+04 3.917274e-18
1.240940e+04 2.844096e-18
1.433010e+04 2.051684e-18
1.654820e+04 1.469259e-18
1.910950e+04 1.021153e-18
2.206730e+04 7.303272e-19
2.548300e+04 5.183318e-19
2.942730e+04 3.646683e-19
3.398210e+04 2.476664e-19
3.924190e+04 1.736561e-19
4.531580e+04 1.206297e-19
5.232990e+04 8.290710e-20
6.042960e+04 5.458803e-20
6.978310e+04 3.728735e-20
8.058420e+04 2.517830e-20
9.305720e+04 1.677919e-20
1.074610e+05 1.059334e-20
1.240940e+05 6.990081e-21
1.433010e+05 4.546651e-21
1.654820e+05 2.908816e-21
1.910950e+05 1.733862e-21
2.206730e+05 1.092794e-21
2.548300e+05 6.763885e-22
2.942730e+05 4.099610e-22
3.398210e+05 2.256254e-22
3.924190e+05 1.337822e-22
4.531580e+05 7.752334e-23
5.232990e+05 4.373650e-23
6.042960e+05 2.151082e-23
6.978310e+05 1.175614e-23
8.058420e+05 6.241148e-24
9.305720e+05 3.202133e-24
1.074610e+06 1.340040e-24
1.240940e+06 6.564923e-25
1.433010e+06 3.101415e-25
1.654820e+06 1.403195e-25
1.910950e+06 4.626807e-26
2.206730e+06 1.952429e-26
2.548300e+06 7.879822e-27
2.942730e+06 3.017501e-27
3.398210e+06 6.872702e-28
3.924190e+06 2.342100e-28
4.531580e+06 7.568416e-29
5.232990e+06 2.324493e-29
6.042960e+06 2.907347e-30
6.978310e+06 7.115667e-31
8.058420e+06 1.611654e-31
9.305720e+06 3.544543e-32
1.074610e+07 1.841757e-33
1.240940e+07 2.628526e-34
1.433010e+07 3.169916e-35
1.654820e+07 3.705325e-36
1.910950e+07 5.899059e-38
2.206730e+07 3.431332e-39
2.548300e+07 1.364937e-40
2.942730e+07 4.267967e-42
3.398210e+07 1.238317e-44
3.924190e+07 1.612498e-46
4.531580e+07 9.708836e-49
5.232990e+07 2.608154e-51
6.042960e+07 4.735219e-55
6.978310e+07 2.746316e-58
8.058420e+07 3.592459e-62
9.305720e+07 0.000000e+00
