Ev [GeV]   dN_dEv [s^-1 GeV^-1]
3.398210e-02 2.222084e-07
3.924190e-02 2.137221e-07
4.531580e-02 2.024531e-07
5.232990e-02 1.893828e-07
6.042960e-02 1.731771e-07
6.978310e-02 1.545049e-07
8.058420e-02 1.335867e-07
9.305720e-02 1.111989e-07
1.074610e-01 8.824136e-08
1.240940e-01 6.927268e-08
1.433010e-01 5.346758e-08
1.654820e-01 4.068083e-08
1.910950e-01 3.009821e-08
2.206730e-01 2.260586e-08
2.548300e-01 1.685575e-08
2.942730e-01 1.247790e-08
3.398210e-01 9.106665e-09
3.924190e-01 6.771543e-09
4.531580e-01 5.023739e-09
5.232990e-01 3.719608e-09
6.042960e-01 2.733754e-09
6.978310e-01 2.047269e-09
8.058420e-01 1.532177e-09
9.305720e-01 1.145045e-09
1.074610e+00 8.464917e-10
1.240940e+00 6.379677e-10
1.433010e+00 4.797881e-10
1.654820e+00 3.599240e-10
1.910950e+00 2.665775e-10
2.206730e+00 2.013371e-10
2.548300e+00 1.516683e-10
2.942730e+00 1.139182e-10
3.398210e+00 8.445932e-11
3.924190e+00 6.377636e-11
4.531580e+00 4.800069e-11
5.232990e+00 3.599735e-11
6.042960e+00 2.666340e-11
6.978310e+00 2.010566e-11
8.058420e+00 1.512254e-11
9.305720e+00 1.134509e-11
1.074610e+01 8.416793e-12
1.240940e+01 6.359319e-12
1.433010e+01 4.793061e-12
1.654820e+01 3.602089e-12
1.910950e+01 2.670074e-12
2.206730e+01 2.017097e-12
2.548300e+01 1.519263e-12
2.942730e+01 1.140728e-12
3.398210e+01 8.437915e-13
3.924190e+01 6.372372e-13
4.531580e+01 4.800999e-13
5.232990e+01 3.607413e-13
6.042960e+01 2.669527e-13
6.978310e+01 2.018512e-13
8.058420e+01 1.522624e-13
9.305720e+01 1.145296e-13
1.074610e+02 8.476208e-14
1.240940e+02 6.409536e-14
1.433010e+02 4.833212e-14
1.654820e+02 3.632765e-14
1.910950e+02 2.684457e-14
2.206730e+02 2.027241e-14
2.548300e+02 1.526341e-14
2.942730e+02 1.145296e-14
3.398210e+02 8.444646e-15
3.924190e+02 6.364981e-15
4.531580e+02 4.782230e-15
5.232990e+02 3.580089e-15
6.042960e+02 2.632007e-15
6.978310e+02 1.978621e-15
8.058420e+02 1.482342e-15
9.305720e+02 1.106231e-15
1.074610e+03 8.100774e-16
1.240940e+03 6.068122e-16
1.433010e+03 4.528493e-16
1.654820e+03 3.365114e-16
1.910950e+03 2.451173e-16
2.206730e+03 1.827308e-16
2.548300e+03 1.356546e-16
2.942730e+03 1.002295e-16
3.398210e+03 7.248602e-17
3.924190e+03 5.368983e-17
4.531580e+03 3.957929e-17
5.232990e+03 2.902072e-17
6.042960e+03 2.078675e-17
6.978310e+03 1.526480e-17
8.058420e+03 1.114846e-17
9.305720e+03 8.091759e-18
1.074610e+04 5.721601e-18
1.240940e+04 4.154110e-18
1.433010e+04 2.996706e-18
1.654820e+04 2.146011e-18
1.910950e+04 1.491505e-18
2.206730e+04 1.066722e-18
2.548300e+04 7.570796e-19
2.942730e+04 5.326374e-19
3.398210e+04 3.617435e-19
3.924190e+04 2.536435e-19
4.531580e+04 1.761926e-19
5.232990e+04 1.210948e-19
6.042960e+04 7.973171e-20
6.978310e+04 5.446220e-20
8.058420e+04 3.677563e-20
9.305720e+04 2.450782e-20
1.074610e+05 1.547272e-20
1.240940e+05 1.020977e-20
1.433010e+05 6.640875e-21
1.654820e+05 4.248639e-21
1.910950e+05 2.532492e-21
2.206730e+05 1.596144e-21
2.548300e+05 9.879385e-22
2.942730e+05 5.987923e-22
3.398210e+05 3.295502e-22
3.924190e+05 1.954034e-22
4.531580e+05 1.132312e-22
5.232990e+05 6.388188e-23
6.042960e+05 3.141887e-23
6.978310e+05 1.717111e-23
8.058420e+05 9.115871e-24
9.305720e+05 4.677061e-24
1.074610e+06 1.957273e-24
1.240940e+06 9.588779e-25
1.433010e+06 4.529952e-25
1.654820e+06 2.049519e-25
1.910950e+06 6.757951e-26
2.206730e+06 2.851733e-26
2.548300e+06 1.150933e-26
2.942730e+06 4.407387e-27
3.398210e+06 1.003832e-27
3.924190e+06 3.420890e-28
4.531580e+06 1.105449e-28
5.232990e+06 3.395173e-29
6.042960e+06 4.246494e-30
6.978310e+06 1.039320e-30
8.058420e+06 2.353995e-31
9.305720e+06 5.177188e-32
1.074610e+07 2.690085e-33
1.240940e+07 3.839246e-34
1.433010e+07 4.630005e-35
1.654820e+07 5.412027e-36
1.910950e+07 8.616213e-38
2.206730e+07 5.011831e-39
2.548300e+07 1.993638e-40
2.942730e+07 6.233827e-42
3.398210e+07 1.808696e-44
3.924190e+07 2.355228e-46
4.531580e+07 1.418080e-48
5.232990e+07 3.809491e-51
6.042960e+07 6.916299e-55
6.978310e+07 4.011291e-58
8.058420e+07 5.247174e-62
9.305720e+07 0.000000e+00
