Ev [GeV]   dN_dEv [s^-1 GeV^-1]
3.398210e-02 2.462916e-09
3.924190e-02 2.371713e-09
4.531580e-02 2.249877e-09
5.232990e-02 2.108639e-09
6.042960e-02 1.934738e-09
6.978310e-02 1.732062e-09
8.058420e-02 1.504368e-09
9.305720e-02 1.259585e-09
1.074610e-01 1.010208e-09
1.240940e-01 7.982658e-10
1.433010e-01 6.197707e-10
1.654820e-01 4.740348e-10
1.910950e-01 3.532514e-10
2.206730e-01 2.659322e-10
2.548300e-01 1.985316e-10
2.942730e-01 1.470413e-10
3.398210e-01 1.073450e-10
3.924190e-01 7.982598e-11
4.531580e-01 5.922620e-11
5.232990e-01 4.385466e-11
6.042960e-01 3.223340e-11
6.978310e-01 2.414049e-11
8.058420e-01 1.806780e-11
9.305720e-01 1.350343e-11
1.074610e+00 9.983288e-12
1.240940e+00 7.524478e-12
1.433010e+00 5.659228e-12
1.654820e+00 4.245696e-12
1.910950e+00 3.144835e-12
2.206730e+00 2.375383e-12
2.548300e+00 1.789541e-12
2.942730e+00 1.344253e-12
3.398210e+00 9.967480e-13
3.924190e+00 7.527414e-13
4.531580e+00 5.666091e-13
5.232990e+00 4.249767e-13
6.042960e+00 3.148321e-13
6.978310e+00 2.374376e-13
8.058420e+00 1.786204e-13
9.305720e+00 1.340282e-13
1.074610e+01 9.945604e-14
1.240940e+01 7.516038e-14
1.433010e+01 5.666256e-14
1.654820e+01 4.259446e-14
1.910950e+01 3.158376e-14
2.206730e+01 2.386729e-14
2.548300e+01 1.798301e-14
2.942730e+01 1.350773e-14
3.398210e+01 9.996467e-15
3.924190e+01 7.552890e-15
4.531580e+01 5.693341e-15
5.232990e+01 4.280380e-15
6.042960e+01 3.169799e-15
6.978310e+01 2.398415e-15
8.058420e+01 1.810553e-15
9.305720e+01 1.363012e-15
1.074610e+02 1.009807e-15
1.240940e+02 7.643497e-16
1.433010e+02 5.770036e-16
1.654820e+02 4.342207e-16
1.910950e+02 3.213657e-16
2.206730e+02 2.430389e-16
2.548300e+02 1.832822e-16
2.942730e+02 1.377728e-16
3.398210e+02 1.018120e-16
3.924190e+02 7.689984e-17
4.531580e+02 5.791163e-17
5.232990e+02 4.346597e-17
6.042960e+02 3.205876e-17
6.978310e+02 2.417279e-17
8.058420e+02 1.816989e-17
9.305720e+02 1.360950e-17
1.074610e+03 1.001204e-17
1.240940e+03 7.531725e-18
1.433010e+03 5.647019e-18
1.654820e+03 4.217910e-18
1.910950e+03 3.092296e-18
2.206730e+03 2.318910e-18
2.548300e+03 1.732669e-18
2.942730e+03 1.289331e-18
3.398210e+03 9.408412e-19
3.924190e+03 7.025464e-19
4.531580e+03 5.225106e-19
5.232990e+03 3.868556e-19
6.042960e+03 2.805167e-19
6.978310e+03 2.082755e-19
8.058420e+03 1.539439e-19
9.305720e+03 1.132071e-19
1.074610e+04 8.139274e-20
1.240940e+04 5.997327e-20
1.433010e+04 4.396309e-20
1.654820e+04 3.203882e-20
1.910950e+04 2.277403e-20
2.206730e+04 1.661168e-20
2.548300e+04 1.204413e-20
2.942730e+04 8.673102e-21
3.398210e+04 6.071727e-21
3.924190e+04 4.369956e-21
4.531580e+04 3.122813e-21
5.232990e+04 2.213591e-21
6.042960e+04 1.518384e-21
6.978310e+04 1.073730e-21
8.058420e+04 7.527956e-22
9.305720e+04 5.226536e-22
1.074610e+05 3.488525e-22
1.240940e+05 2.410382e-22
1.433010e+05 1.648039e-22
1.654820e+05 1.113357e-22
1.910950e+05 7.163128e-23
2.206730e+05 4.800365e-23
2.548300e+05 3.175307e-23
2.942730e+05 2.069258e-23
3.398210e+05 1.266451e-23
3.924190e+05 8.151171e-24
4.531580e+05 5.161308e-24
5.232990e+05 3.207189e-24
6.042960e+05 1.832575e-24
6.978310e+05 1.117979e-24
8.058420e+05 6.681078e-25
9.305720e+05 3.898238e-25
1.074610e+06 2.023686e-25
1.240940e+06 1.149642e-25
1.433010e+06 6.362834e-26
1.654820e+06 3.415647e-26
1.910950e+06 1.547252e-26
2.206730e+06 7.991110e-27
2.548300e+06 3.993894e-27
2.942730e+06 1.920124e-27
3.398210e+06 7.134229e-28
3.924190e+06 3.239875e-28
4.531580e+06 1.412537e-28
5.232990e+06 5.866471e-29
6.042960e+06 1.615734e-29
6.978310e+06 6.133742e-30
8.058420e+06 2.217275e-30
9.305720e+06 7.590257e-31
1.074610e+07 1.293158e-31
1.240940e+07 3.756249e-32
1.433010e+07 1.025875e-32
1.654820e+07 2.689051e-33
1.910950e+07 2.158532e-34
2.206730e+07 4.084476e-35
2.548300e+07 6.904101e-36
2.942730e+07 1.143240e-36
3.398210e+07 3.284462e-38
3.924190e+07 3.060106e-39
4.531580e+07 2.183091e-40
5.232990e+07 1.412475e-41
6.042960e+07 9.661047e-44
6.978310e+07 2.670892e-45
8.058420e+07 3.198197e-47
9.305720e+07 0.000000e+00
