Ev [GeV]   dN_dEv [s^-1 GeV^-1]
3.398210e-02 5.834882e-07
3.924190e-02 5.612045e-07
4.531580e-02 5.316136e-07
5.232990e-02 4.972928e-07
6.042960e-02 4.547390e-07
6.978310e-02 4.057082e-07
8.058420e-02 3.507799e-07
9.305720e-02 2.919927e-07
1.074610e-01 2.317095e-07
1.240940e-01 1.819004e-07
1.433010e-01 1.403984e-07
1.654820e-01 1.068222e-07
1.910950e-01 7.903368e-08
2.206730e-01 5.935982e-08
2.548300e-01 4.426084e-08
2.942730e-01 3.276522e-08
3.398210e-01 2.391283e-08
3.924190e-01 1.778113e-08
4.531580e-01 1.319164e-08
5.232990e-01 9.767170e-09
6.042960e-01 7.178455e-09
6.978310e-01 5.375842e-09
8.058420e-01 4.023284e-09
9.305720e-01 3.006727e-09
1.074610e+00 2.222769e-09
1.240940e+00 1.675214e-09
1.433010e+00 1.259856e-09
1.654820e+00 9.451101e-10
1.910950e+00 6.999952e-10
2.206730e+00 5.286830e-10
2.548300e+00 3.982598e-10
2.942730e+00 2.991333e-10
3.398210e+00 2.217784e-10
3.924190e+00 1.674678e-10
4.531580e+00 1.260431e-10
5.232990e+00 9.452401e-11
6.042960e+00 7.001435e-11
6.978310e+00 5.279464e-11
8.058420e+00 3.970967e-11
9.305720e+00 2.979063e-11
1.074610e+01 2.210132e-11
1.240940e+01 1.669868e-11
1.433010e+01 1.258591e-11
1.654820e+01 9.458581e-12
1.910950e+01 7.011241e-12
2.206730e+01 5.296614e-12
2.548300e+01 3.989371e-12
2.942730e+01 2.995392e-12
3.398210e+01 2.215679e-12
3.924190e+01 1.673296e-12
4.531580e+01 1.260675e-12
5.232990e+01 9.472562e-13
6.042960e+01 7.009805e-13
6.978310e+01 5.300331e-13
8.058420e+01 3.998197e-13
9.305720e+01 3.007388e-13
1.074610e+02 2.225734e-13
1.240940e+02 1.683055e-13
1.433010e+02 1.269134e-13
1.654820e+02 9.539132e-14
1.910950e+02 7.049008e-14
2.206730e+02 5.323252e-14
2.548300e+02 4.007958e-14
2.942730e+02 3.007388e-14
3.398210e+02 2.217446e-14
3.924190e+02 1.671355e-14
4.531580e+02 1.255747e-14
5.232990e+02 9.400814e-15
6.042960e+02 6.911282e-15
6.978310e+02 5.195583e-15
8.058420e+02 3.892423e-15
9.305720e+02 2.904807e-15
1.074610e+03 2.127150e-15
1.240940e+03 1.593404e-15
1.433010e+03 1.189119e-15
1.654820e+03 8.836318e-16
1.910950e+03 6.436438e-16
2.206730e+03 4.798256e-16
2.548300e+03 3.562100e-16
2.942730e+03 2.631887e-16
3.398210e+03 1.903382e-16
3.924190e+03 1.409820e-16
4.531580e+03 1.039297e-16
5.232990e+03 7.620437e-17
6.042960e+03 5.458309e-17
6.978310e+03 4.008323e-17
8.058420e+03 2.927430e-17
9.305720e+03 2.124783e-17
1.074610e+04 1.502412e-17
1.240940e+04 1.090811e-17
1.433010e+04 7.868931e-18
1.654820e+04 5.635124e-18
1.910950e+04 3.916483e-18
2.206730e+04 2.801062e-18
2.548300e+04 1.987985e-18
2.942730e+04 1.398631e-18
3.398210e+04 9.498880e-19
3.924190e+04 6.660325e-19
4.531580e+04 4.626572e-19
5.232990e+04 3.179779e-19
6.042960e+04 2.093643e-19
6.978310e+04 1.430101e-19
8.058420e+04 9.656766e-20
9.305720e+04 6.435411e-20
1.074610e+05 4.062921e-20
1.240940e+05 2.680942e-20
1.433010e+05 1.743801e-20
1.654820e+05 1.115633e-20
1.910950e+05 6.649971e-21
2.206730e+05 4.191250e-21
2.548300e+05 2.594188e-21
2.942730e+05 1.572345e-21
3.398210e+05 8.653528e-22
3.924190e+05 5.131019e-22
4.531580e+05 2.973293e-22
5.232990e+05 1.677449e-22
6.042960e+05 8.250157e-23
6.978310e+05 4.508893e-23
8.058420e+05 2.393700e-23
9.305720e+05 1.228131e-23
1.074610e+06 5.139526e-24
1.240940e+06 2.517879e-24
1.433010e+06 1.189502e-24
1.654820e+06 5.381749e-25
1.910950e+06 1.774543e-25
2.206730e+06 7.488253e-26
2.548300e+06 3.022189e-26
2.942730e+06 1.157318e-26
3.398210e+06 2.635923e-27
3.924190e+06 8.982779e-28
4.531580e+06 2.902754e-28
5.232990e+06 8.915250e-29
6.042960e+06 1.115070e-29
6.978310e+06 2.729109e-30
8.058420e+06 6.181261e-31
9.305720e+06 1.359457e-31
1.074610e+07 7.063786e-33
1.240940e+07 1.008132e-33
1.433010e+07 1.215775e-34
1.654820e+07 1.421123e-35
1.910950e+07 2.262497e-37
2.206730e+07 1.316037e-38
2.548300e+07 5.235015e-40
2.942730e+07 1.636916e-41
3.398210e+07 4.749383e-44
3.924190e+07 6.184499e-46
4.531580e+07 3.723681e-48
5.232990e+07 1.000319e-50
6.042960e+07 1.816123e-54
6.978310e+07 1.053309e-57
8.058420e+07 1.377834e-61
9.305720e+07 0.000000e+00
