Ev [GeV]   dN_dEv [s^-1 GeV^-1]
3.398210e-02 1.065899e-07
3.924190e-02 1.025192e-07
4.531580e-02 9.711363e-08
5.232990e-02 9.084400e-08
6.042960e-02 8.307039e-08
6.978310e-02 7.411360e-08
8.058420e-02 6.407945e-08
9.305720e-02 5.334038e-08
1.074610e-01 4.232801e-08
1.240940e-01 3.322903e-08
1.433010e-01 2.564757e-08
1.654820e-01 1.951396e-08
1.910950e-01 1.443764e-08
2.206730e-01 1.084368e-08
2.548300e-01 8.085442e-09
2.942730e-01 5.985456e-09
3.398210e-01 4.368326e-09
3.924190e-01 3.248204e-09
4.531580e-01 2.409810e-09
5.232990e-01 1.784238e-09
6.042960e-01 1.311339e-09
6.978310e-01 9.820432e-10
8.058420e-01 7.349618e-10
9.305720e-01 5.492601e-10
1.074610e+00 4.060490e-10
1.240940e+00 3.060232e-10
1.433010e+00 2.301469e-10
1.654820e+00 1.726500e-10
1.910950e+00 1.278731e-10
2.206730e+00 9.657828e-11
2.548300e+00 7.275294e-11
2.942730e+00 5.464480e-11
3.398210e+00 4.051382e-11
3.924190e+00 3.059253e-11
4.531580e+00 2.302519e-11
5.232990e+00 1.726737e-11
6.042960e+00 1.279002e-11
6.978310e+00 9.644371e-12
8.058420e+00 7.254047e-12
9.305720e+00 5.442066e-12
1.074610e+01 4.037405e-12
1.240940e+01 3.050467e-12
1.433010e+01 2.299157e-12
1.654820e+01 1.727866e-12
1.910950e+01 1.280793e-12
2.206730e+01 9.675700e-13
2.548300e+01 7.287667e-13
2.942730e+01 5.471896e-13
3.398210e+01 4.047537e-13
3.924190e+01 3.056728e-13
4.531580e+01 2.302965e-13
5.232990e+01 1.730420e-13
6.042960e+01 1.280531e-13
6.978310e+01 9.682491e-14
8.058420e+01 7.303790e-14
9.305720e+01 5.493809e-14
1.074610e+02 4.065906e-14
1.240940e+02 3.074555e-14
1.433010e+02 2.318417e-14
1.654820e+02 1.742581e-14
1.910950e+02 1.287692e-14
2.206730e+02 9.724361e-15
2.548300e+02 7.321621e-15
2.942730e+02 5.493809e-15
3.398210e+02 4.050766e-15
3.924190e+02 3.053183e-15
4.531580e+02 2.293962e-15
5.232990e+02 1.717313e-15
6.042960e+02 1.262533e-15
6.978310e+02 9.491140e-16
8.058420e+02 7.110565e-16
9.305720e+02 5.306416e-16
1.074610e+03 3.885816e-16
1.240940e+03 2.910784e-16
1.433010e+03 2.172248e-16
1.654820e+03 1.614193e-16
1.910950e+03 1.175790e-16
2.206730e+03 8.765315e-17
2.548300e+03 6.507140e-17
2.942730e+03 4.807854e-17
3.398210e+03 3.477042e-17
3.924190e+03 2.575418e-17
4.531580e+03 1.898557e-17
5.232990e+03 1.392079e-17
6.042960e+03 9.971080e-18
6.978310e+03 7.322288e-18
8.058420e+03 5.347744e-18
9.305720e+03 3.881491e-18
1.074610e+04 2.744563e-18
1.240940e+04 1.992662e-18
1.433010e+04 1.437473e-18
1.654820e+04 1.029408e-18
1.910950e+04 7.154517e-19
2.206730e+04 5.116899e-19
2.548300e+04 3.631594e-19
2.942730e+04 2.554979e-19
3.398210e+04 1.735228e-19
3.924190e+04 1.216689e-19
4.531580e+04 8.451688e-20
5.232990e+04 5.808728e-20
6.042960e+04 3.824607e-20
6.978310e+04 2.612467e-20
8.058420e+04 1.764070e-20
9.305720e+04 1.175602e-20
1.074610e+05 7.422025e-21
1.240940e+05 4.897468e-21
1.433010e+05 3.185525e-21
1.654820e+05 2.038006e-21
1.910950e+05 1.214797e-21
2.206730e+05 7.656454e-22
2.548300e+05 4.738988e-22
2.942730e+05 2.872314e-22
3.398210e+05 1.580801e-22
3.924190e+05 9.373197e-23
4.531580e+05 5.431526e-23
5.232990e+05 3.064315e-23
6.042960e+05 1.507115e-23
6.978310e+05 8.236715e-24
8.058420e+05 4.372742e-24
9.305720e+05 2.243514e-24
1.074610e+06 9.388737e-25
1.240940e+06 4.599589e-25
1.433010e+06 2.172948e-25
1.654820e+06 9.831223e-26
1.910950e+06 3.241684e-26
2.206730e+06 1.367932e-26
2.548300e+06 5.520848e-27
2.942730e+06 2.114155e-27
3.398210e+06 4.815228e-28
3.924190e+06 1.640948e-28
4.531580e+06 5.302667e-29
5.232990e+06 1.628612e-29
6.042960e+06 2.036977e-30
6.978310e+06 4.985457e-31
8.058420e+06 1.129175e-31
9.305720e+06 2.483417e-32
1.074610e+07 1.290392e-33
1.240940e+07 1.841627e-34
1.433010e+07 2.220942e-35
1.654820e+07 2.596065e-36
1.910950e+07 4.133064e-38
2.206730e+07 2.404098e-39
2.548300e+07 9.563173e-41
2.942730e+07 2.990270e-42
3.398210e+07 8.676034e-45
3.924190e+07 1.129766e-46
4.531580e+07 6.802312e-49
5.232990e+07 1.827354e-51
6.042960e+07 3.317641e-55
6.978310e+07 1.924154e-58
8.058420e+07 2.516988e-62
9.305720e+07 0.000000e+00
