Ev [GeV]   dN_dEv [s^-1 GeV^-1]
3.398210e-02 9.115448e-08
3.924190e-02 8.777899e-08
4.531580e-02 8.326976e-08
5.232990e-02 7.804243e-08
6.042960e-02 7.160619e-08
6.978310e-02 6.410500e-08
8.058420e-02 5.567785e-08
9.305720e-02 4.661824e-08
1.074610e-01 3.738859e-08
1.240940e-01 2.954446e-08
1.433010e-01 2.293821e-08
1.654820e-01 1.754441e-08
1.910950e-01 1.307412e-08
2.206730e-01 9.842365e-09
2.548300e-01 7.347814e-09
2.942730e-01 5.442117e-09
3.398210e-01 3.972926e-09
3.924190e-01 2.954423e-09
4.531580e-01 2.192009e-09
5.232990e-01 1.623096e-09
6.042960e-01 1.192984e-09
6.978310e-01 8.934590e-10
8.058420e-01 6.687039e-10
9.305720e-01 4.997729e-10
1.074610e+00 3.694895e-10
1.240940e+00 2.784870e-10
1.433010e+00 2.094526e-10
1.654820e+00 1.571366e-10
1.910950e+00 1.163929e-10
2.206730e+00 8.791484e-11
2.548300e+00 6.623236e-11
2.942730e+00 4.975186e-11
3.398210e+00 3.689044e-11
3.924190e+00 2.785956e-11
4.531580e+00 2.097066e-11
5.232990e+00 1.572873e-11
6.042960e+00 1.165219e-11
6.978310e+00 8.787756e-12
8.058420e+00 6.610884e-12
9.305720e+00 4.960491e-12
1.074610e+01 3.680947e-12
1.240940e+01 2.781746e-12
1.433010e+01 2.097127e-12
1.654820e+01 1.576455e-12
1.910950e+01 1.168940e-12
2.206730e+01 8.833476e-13
2.548300e+01 6.655655e-13
2.942730e+01 4.999318e-13
3.398210e+01 3.699772e-13
3.924190e+01 2.795385e-13
4.531580e+01 2.107151e-13
5.232990e+01 1.584203e-13
6.042960e+01 1.173168e-13
6.978310e+01 8.876725e-14
8.058420e+01 6.701000e-14
9.305720e+01 5.044615e-14
1.074610e+02 3.737375e-14
1.240940e+02 2.828919e-14
1.433010e+02 2.135537e-14
1.654820e+02 1.607086e-14
1.910950e+02 1.189400e-14
2.206730e+02 8.995063e-15
2.548300e+02 6.783420e-15
2.942730e+02 5.099080e-15
3.398210e+02 3.768145e-15
3.924190e+02 2.846124e-15
4.531580e+02 2.143356e-15
5.232990e+02 1.608710e-15
6.042960e+02 1.186520e-15
6.978310e+02 8.946543e-16
8.058420e+02 6.724822e-16
9.305720e+02 5.036986e-16
1.074610e+03 3.705536e-16
1.240940e+03 2.787552e-16
1.433010e+03 2.090007e-16
1.654820e+03 1.561082e-16
1.910950e+03 1.144483e-16
2.206730e+03 8.582470e-17
2.548300e+03 6.412746e-17
2.942730e+03 4.771915e-17
3.398210e+03 3.482128e-17
3.924190e+03 2.600181e-17
4.531580e+03 1.933853e-17
5.232990e+03 1.431784e-17
6.042960e+03 1.038215e-17
6.978310e+03 7.708444e-18
8.058420e+03 5.697587e-18
9.305720e+03 4.189884e-18
1.074610e+04 3.012410e-18
1.240940e+04 2.219659e-18
1.433010e+04 1.627109e-18
1.654820e+04 1.185782e-18
1.910950e+04 8.428850e-19
2.206730e+04 6.148117e-19
2.548300e+04 4.457629e-19
2.942730e+04 3.209985e-19
3.398210e+04 2.247195e-19
3.924190e+04 1.617356e-19
4.531580e+04 1.155778e-19
5.232990e+04 8.192677e-20
6.042960e+04 5.619660e-20
6.978310e+04 3.973962e-20
8.058420e+04 2.786157e-20
9.305720e+04 1.934383e-20
1.074610e+05 1.291131e-20
1.240940e+05 8.921016e-21
1.433010e+05 6.099524e-21
1.654820e+05 4.120622e-21
1.910950e+05 2.651131e-21
2.206730e+05 1.776653e-21
2.548300e+05 1.175207e-21
2.942730e+05 7.658489e-22
3.398210e+05 4.687236e-22
3.924190e+05 3.016814e-22
4.531580e+05 1.910241e-22
5.232990e+05 1.187006e-22
6.042960e+05 6.782507e-23
6.978310e+05 4.137730e-23
8.058420e+05 2.472720e-23
9.305720e+05 1.442769e-23
1.074610e+06 7.489823e-24
1.240940e+06 4.254918e-24
1.433010e+06 2.354936e-24
1.654820e+06 1.264158e-24
1.910950e+06 5.726505e-25
2.206730e+06 2.957574e-25
2.548300e+06 1.478172e-25
2.942730e+06 7.106534e-26
3.398210e+06 2.640435e-26
3.924190e+06 1.199104e-26
4.531580e+06 5.227911e-27
5.232990e+06 2.171228e-27
6.042960e+06 5.979962e-28
6.978310e+06 2.270147e-28
8.058420e+06 8.206313e-29
9.305720e+06 2.809215e-29
1.074610e+07 4.786082e-30
1.240940e+07 1.390218e-30
1.433010e+07 3.796844e-31
1.654820e+07 9.952393e-32
1.910950e+07 7.988898e-33
2.206730e+07 1.511697e-33
2.548300e+07 2.555263e-34
2.942730e+07 4.231222e-35
3.398210e+07 1.215605e-36
3.924190e+07 1.132570e-37
4.531580e+07 8.079795e-39
5.232990e+07 5.227682e-40
6.042960e+07 3.575631e-42
6.978310e+07 9.885186e-44
8.058420e+07 1.183678e-45
9.305720e+07 0.000000e+00
