Ev [GeV]   dN_dEv [s^-1 GeV^-1]
3.398210e-02 1.576266e-09
3.924190e-02 1.517896e-09
4.531580e-02 1.439921e-09
5.232990e-02 1.349529e-09
6.042960e-02 1.238232e-09
6.978310e-02 1.108520e-09
8.058420e-02 9.627953e-10
9.305720e-02 8.061343e-10
1.074610e-01 6.465329e-10
1.240940e-01 5.108901e-10
1.433010e-01 3.966532e-10
1.654820e-01 3.033823e-10
1.910950e-01 2.260809e-10
2.206730e-01 1.701966e-10
2.548300e-01 1.270602e-10
2.942730e-01 9.410644e-11
3.398210e-01 6.870083e-11
3.924190e-01 5.108863e-11
4.531580e-01 3.790477e-11
5.232990e-01 2.806698e-11
6.042960e-01 2.062938e-11
6.978310e-01 1.544992e-11
8.058420e-01 1.156339e-11
9.305720e-01 8.642198e-12
1.074610e+00 6.389304e-12
1.240940e+00 4.815666e-12
1.433010e+00 3.621906e-12
1.654820e+00 2.717246e-12
1.910950e+00 2.012695e-12
2.206730e+00 1.520245e-12
2.548300e+00 1.145306e-12
2.942730e+00 8.603216e-13
3.398210e+00 6.379187e-13
3.924190e+00 4.817545e-13
4.531580e+00 3.626298e-13
5.232990e+00 2.719851e-13
6.042960e+00 2.014925e-13
6.978310e+00 1.519601e-13
8.058420e+00 1.143171e-13
9.305720e+00 8.577804e-14
1.074610e+01 6.365186e-14
1.240940e+01 4.810264e-14
1.433010e+01 3.626404e-14
1.654820e+01 2.726046e-14
1.910950e+01 2.021361e-14
2.206730e+01 1.527507e-14
2.548300e+01 1.150913e-14
2.942730e+01 8.644946e-15
3.398210e+01 6.397739e-15
3.924190e+01 4.833849e-15
4.531580e+01 3.643739e-15
5.232990e+01 2.739443e-15
6.042960e+01 2.028671e-15
6.978310e+01 1.534985e-15
8.058420e+01 1.158754e-15
9.305720e+01 8.723274e-16
1.074610e+02 6.462763e-16
1.240940e+02 4.891838e-16
1.433010e+02 3.692823e-16
1.654820e+02 2.779013e-16
1.910950e+02 2.056740e-16
2.206730e+02 1.555449e-16
2.548300e+02 1.173006e-16
2.942730e+02 8.817457e-17
3.398210e+02 6.515970e-17
3.924190e+02 4.921590e-17
4.531580e+02 3.706344e-17
5.232990e+02 2.781822e-17
6.042960e+02 2.051761e-17
6.978310e+02 1.547059e-17
8.058420e+02 1.162873e-17
9.305720e+02 8.710083e-18
1.074610e+03 6.407705e-18
1.240940e+03 4.820304e-18
1.433010e+03 3.614092e-18
1.654820e+03 2.699463e-18
1.910950e+03 1.979069e-18
2.206730e+03 1.484102e-18
2.548300e+03 1.108908e-18
2.942730e+03 8.251715e-19
3.398210e+03 6.021384e-19
3.924190e+03 4.496297e-19
4.531580e+03 3.344068e-19
5.232990e+03 2.475876e-19
6.042960e+03 1.795307e-19
6.978310e+03 1.332963e-19
8.058420e+03 9.852409e-20
9.305720e+03 7.245253e-20
1.074610e+04 5.209135e-20
1.240940e+04 3.838289e-20
1.433010e+04 2.813638e-20
1.654820e+04 2.050484e-20
1.910950e+04 1.457538e-20
2.206730e+04 1.063148e-20
2.548300e+04 7.708244e-21
2.942730e+04 5.550786e-21
3.398210e+04 3.885905e-21
3.924190e+04 2.796772e-21
4.531580e+04 1.998600e-21
5.232990e+04 1.416698e-21
6.042960e+04 9.717656e-22
6.978310e+04 6.871874e-22
8.058420e+04 4.817892e-22
9.305720e+04 3.344983e-22
1.074610e+05 2.232656e-22
1.240940e+05 1.542644e-22
1.433010e+05 1.054745e-22
1.654820e+05 7.125482e-23
1.910950e+05 4.584402e-23
2.206730e+05 3.072233e-23
2.548300e+05 2.032197e-23
2.942730e+05 1.324325e-23
3.398210e+05 8.105285e-24
3.924190e+05 5.216749e-24
4.531580e+05 3.303237e-24
5.232990e+05 2.052601e-24
6.042960e+05 1.172848e-24
6.978310e+05 7.155066e-25
8.058420e+05 4.275890e-25
9.305720e+05 2.494873e-25
1.074610e+06 1.295159e-25
1.240940e+06 7.357711e-26
1.433010e+06 4.072214e-26
1.654820e+06 2.186014e-26
1.910950e+06 9.902416e-27
2.206730e+06 5.114310e-27
2.548300e+06 2.556092e-27
2.942730e+06 1.228880e-27
3.398210e+06 4.565907e-28
3.924190e+06 2.073520e-28
4.531580e+06 9.040235e-29
5.232990e+06 3.754542e-29
6.042960e+06 1.034070e-29
6.978310e+06 3.925595e-30
8.058420e+06 1.419056e-30
9.305720e+06 4.857764e-31
1.074610e+07 8.276212e-32
1.240940e+07 2.403999e-32
1.433010e+07 6.565598e-33
1.654820e+07 1.720993e-33
1.910950e+07 1.381460e-34
2.206730e+07 2.614065e-35
2.548300e+07 4.418625e-36
2.942730e+07 7.316734e-37
3.398210e+07 2.102055e-38
3.924190e+07 1.958468e-39
4.531580e+07 1.397178e-40
5.232990e+07 9.039838e-42
6.042960e+07 6.183070e-44
6.978310e+07 1.709371e-45
8.058420e+07 2.046846e-47
9.305720e+07 0.000000e+00
