Ev [GeV]   dN_dEv [s^-1 GeV^-1]
3.398210e-02 6.421823e-07
3.924190e-02 6.176570e-07
4.531580e-02 5.850895e-07
5.232990e-02 5.473163e-07
6.042960e-02 5.004819e-07
6.978310e-02 4.465191e-07
8.058420e-02 3.860654e-07
9.305720e-02 3.213648e-07
1.074610e-01 2.550175e-07
1.240940e-01 2.001981e-07
1.433010e-01 1.545213e-07
1.654820e-01 1.175676e-07
1.910950e-01 8.698382e-08
2.206730e-01 6.533092e-08
2.548300e-01 4.871312e-08
2.942730e-01 3.606114e-08
3.398210e-01 2.631826e-08
3.924190e-01 1.956976e-08
4.531580e-01 1.451860e-08
5.232990e-01 1.074967e-08
6.042960e-01 7.900549e-09
6.978310e-01 5.916608e-09
8.058420e-01 4.427993e-09
9.305720e-01 3.309179e-09
1.074610e+00 2.446361e-09
1.240940e+00 1.843727e-09
1.433010e+00 1.386588e-09
1.654820e+00 1.040180e-09
1.910950e+00 7.704090e-10
2.206730e+00 5.818642e-10
2.548300e+00 4.383214e-10
2.942730e+00 3.292236e-10
3.398210e+00 2.440874e-10
3.924190e+00 1.843137e-10
4.531580e+00 1.387220e-10
5.232990e+00 1.040323e-10
6.042960e+00 7.705721e-11
6.978310e+00 5.810534e-11
8.058420e+00 4.370413e-11
9.305720e+00 3.278732e-11
1.074610e+01 2.432453e-11
1.240940e+01 1.837843e-11
1.433010e+01 1.385194e-11
1.654820e+01 1.041004e-11
1.910950e+01 7.716514e-12
2.206730e+01 5.829410e-12
2.548300e+01 4.390669e-12
2.942730e+01 3.296704e-12
3.398210e+01 2.438557e-12
3.924190e+01 1.841616e-12
4.531580e+01 1.387489e-12
5.232990e+01 1.042542e-12
6.042960e+01 7.714933e-13
6.978310e+01 5.833501e-13
8.058420e+01 4.400383e-13
9.305720e+01 3.309907e-13
1.074610e+02 2.449624e-13
1.240940e+02 1.852356e-13
1.433010e+02 1.396798e-13
1.654820e+02 1.049869e-13
1.910950e+02 7.758080e-14
2.206730e+02 5.858727e-14
2.548300e+02 4.411126e-14
2.942730e+02 3.309907e-14
3.398210e+02 2.440503e-14
3.924190e+02 1.839480e-14
4.531580e+02 1.382065e-14
5.232990e+02 1.034646e-14
6.042960e+02 7.606500e-15
6.978310e+02 5.718216e-15
8.058420e+02 4.283968e-15
9.305720e+02 3.197006e-15
1.074610e+03 2.341124e-15
1.240940e+03 1.753687e-15
1.433010e+03 1.308734e-15
1.654820e+03 9.725179e-16
1.910950e+03 7.083890e-16
2.206730e+03 5.280921e-16
2.548300e+03 3.920418e-16
2.942730e+03 2.896633e-16
3.398210e+03 2.094846e-16
3.924190e+03 1.551636e-16
4.531580e+03 1.143841e-16
5.232990e+03 8.386990e-17
6.042960e+03 6.007370e-17
6.978310e+03 4.411527e-17
8.058420e+03 3.221906e-17
9.305720e+03 2.338518e-17
1.074610e+04 1.653543e-17
1.240940e+04 1.200538e-17
1.433010e+04 8.660481e-18
1.654820e+04 6.201971e-18
1.910950e+04 4.310449e-18
2.206730e+04 3.082826e-18
2.548300e+04 2.187960e-18
2.942730e+04 1.539322e-18
3.398210e+04 1.045439e-18
3.924190e+04 7.330298e-19
4.531580e+04 5.091967e-19
5.232990e+04 3.499639e-19
6.042960e+04 2.304247e-19
6.978310e+04 1.573958e-19
8.058420e+04 1.062816e-19
9.305720e+04 7.082761e-20
1.074610e+05 4.471617e-20
1.240940e+05 2.950623e-20
1.433010e+05 1.919213e-20
1.654820e+05 1.227857e-20
1.910950e+05 7.318903e-21
2.206730e+05 4.612856e-21
2.548300e+05 2.855142e-21
2.942730e+05 1.730510e-21
3.398210e+05 9.524001e-22
3.924190e+05 5.647157e-22
4.531580e+05 3.272382e-22
5.232990e+05 1.846186e-22
6.042960e+05 9.080055e-23
6.978310e+05 4.962450e-23
8.058420e+05 2.634487e-23
9.305720e+05 1.351671e-23
1.074610e+06 5.656520e-24
1.240940e+06 2.771157e-24
1.433010e+06 1.309156e-24
1.654820e+06 5.923108e-25
1.910950e+06 1.953048e-25
2.206730e+06 8.241509e-26
2.548300e+06 3.326197e-26
2.942730e+06 1.273735e-26
3.398210e+06 2.901075e-27
3.924190e+06 9.886372e-28
4.531580e+06 3.194747e-28
5.232990e+06 9.812051e-29
6.042960e+06 1.227237e-29
6.978310e+06 3.003635e-30
8.058420e+06 6.803044e-31
9.305720e+06 1.496207e-31
1.074610e+07 7.774345e-33
1.240940e+07 1.109542e-33
1.433010e+07 1.338071e-34
1.654820e+07 1.564076e-35
1.910950e+07 2.490086e-37
2.206730e+07 1.448419e-38
2.548300e+07 5.761614e-40
2.942730e+07 1.801576e-41
3.398210e+07 5.227132e-44
3.924190e+07 6.806609e-46
4.531580e+07 4.098252e-48
5.232990e+07 1.100943e-50
6.042960e+07 1.998810e-54
6.978310e+07 1.159263e-57
8.058420e+07 1.516433e-61
9.305720e+07 0.000000e+00
