Ev [GeV]   dN_dEv [s^-1 GeV^-1]
3.398210e-02 3.672215e-06
3.924190e-02 3.531970e-06
4.531580e-02 3.345739e-06
5.232990e-02 3.129739e-06
6.042960e-02 2.861924e-06
6.978310e-02 2.553347e-06
8.058420e-02 2.207652e-06
9.305720e-02 1.837672e-06
1.074610e-01 1.458276e-06
1.240940e-01 1.144800e-06
1.433010e-01 8.836048e-07
1.654820e-01 6.722911e-07
1.910950e-01 4.974028e-07
2.206730e-01 3.735842e-07
2.548300e-01 2.785580e-07
2.942730e-01 2.062097e-07
3.398210e-01 1.504967e-07
3.924190e-01 1.119065e-07
4.531580e-01 8.302227e-08
5.232990e-01 6.147021e-08
6.042960e-01 4.517800e-08
6.978310e-01 3.383315e-08
8.058420e-01 2.532075e-08
9.305720e-01 1.892300e-08
1.074610e+00 1.398912e-08
1.240940e+00 1.054305e-08
1.433010e+00 7.928974e-09
1.654820e+00 5.948101e-09
1.910950e+00 4.405458e-09
2.206730e+00 3.327295e-09
2.548300e+00 2.506469e-09
2.942730e+00 1.882611e-09
3.398210e+00 1.395774e-09
3.924190e+00 1.053968e-09
4.531580e+00 7.932591e-10
5.232990e+00 5.948919e-10
6.042960e+00 4.406391e-10
6.978310e+00 3.322659e-10
8.058420e+00 2.499149e-10
9.305720e+00 1.874889e-10
1.074610e+01 1.390959e-10
1.240940e+01 1.050941e-10
1.433010e+01 7.921008e-11
1.654820e+01 5.952809e-11
1.910950e+01 4.412563e-11
2.206730e+01 3.333453e-11
2.548300e+01 2.510732e-11
2.942730e+01 1.885166e-11
3.398210e+01 1.394449e-11
3.924190e+01 1.053098e-11
4.531580e+01 7.934127e-12
5.232990e+01 5.961608e-12
6.042960e+01 4.411658e-12
6.978310e+01 3.335792e-12
8.058420e+01 2.516287e-12
9.305720e+01 1.892716e-12
1.074610e+02 1.400777e-12
1.240940e+02 1.059239e-12
1.433010e+02 7.987363e-13
1.654820e+02 6.003504e-13
1.910950e+02 4.436331e-13
2.206730e+02 3.350217e-13
2.548300e+02 2.522430e-13
2.942730e+02 1.892716e-13
3.398210e+02 1.395562e-13
3.924190e+02 1.051876e-13
4.531580e+02 7.903110e-14
5.232990e+02 5.916453e-14
6.042960e+02 4.349653e-14
6.978310e+02 3.269868e-14
8.058420e+02 2.449717e-14
9.305720e+02 1.828156e-14
1.074610e+03 1.338733e-14
1.240940e+03 1.002817e-14
1.433010e+03 7.483784e-15
1.654820e+03 5.561185e-15
1.910950e+03 4.050807e-15
2.206730e+03 3.019808e-15
2.548300e+03 2.241827e-15
2.942730e+03 1.656392e-15
3.398210e+03 1.197903e-15
3.924190e+03 8.872777e-16
4.531580e+03 6.540870e-16
5.232990e+03 4.795963e-16
6.042960e+03 3.435216e-16
6.978310e+03 2.522660e-16
8.058420e+03 1.842394e-16
9.305720e+03 1.337243e-16
1.074610e+04 9.455514e-17
1.240940e+04 6.865079e-17
1.433010e+04 4.952354e-17
1.654820e+04 3.546496e-17
1.910950e+04 2.464860e-17
2.206730e+04 1.762863e-17
2.548300e+04 1.251149e-17
2.942730e+04 8.802361e-18
3.398210e+04 5.978171e-18
3.924190e+04 4.191711e-18
4.531580e+04 2.911758e-18
5.232990e+04 2.001211e-18
6.042960e+04 1.317646e-18
6.978310e+04 9.000420e-19
8.058420e+04 6.077538e-19
9.305720e+04 4.050161e-19
1.074610e+05 2.557021e-19
1.240940e+05 1.687266e-19
1.433010e+05 1.097470e-19
1.654820e+05 7.021298e-20
1.910950e+05 4.185195e-20
2.206730e+05 2.637786e-20
2.548300e+05 1.632666e-20
2.942730e+05 9.895637e-21
3.398210e+05 5.446144e-21
3.924190e+05 3.229235e-21
4.531580e+05 1.871258e-21
5.232990e+05 1.055711e-21
6.042960e+05 5.192281e-22
6.978310e+05 2.837696e-22
8.058420e+05 1.506488e-22
9.305720e+05 7.729308e-23
1.074610e+06 3.234588e-23
1.240940e+06 1.584641e-23
1.433010e+06 7.486195e-24
1.654820e+06 3.387033e-24
1.910950e+06 1.116818e-24
2.206730e+06 4.712772e-25
2.548300e+06 1.902031e-25
2.942730e+06 7.283644e-26
3.398210e+06 1.658933e-26
3.924190e+06 5.653360e-27
4.531580e+06 1.826864e-27
5.232990e+06 5.610861e-28
6.042960e+06 7.017753e-29
6.978310e+06 1.717579e-29
8.058420e+06 3.890210e-30
9.305720e+06 8.555818e-31
1.074610e+07 4.445632e-32
1.240940e+07 6.344735e-33
1.433010e+07 7.651543e-34
1.654820e+07 8.943911e-35
1.910950e+07 1.423915e-36
2.206730e+07 8.282549e-38
2.548300e+07 3.294685e-39
2.942730e+07 1.030202e-40
3.398210e+07 2.989050e-43
3.924190e+07 3.892248e-45
4.531580e+07 2.343519e-47
5.232990e+07 6.295561e-50
6.042960e+07 1.142987e-53
6.978310e+07 6.629056e-57
8.058420e+07 8.671475e-61
9.305720e+07 0.000000e+00
