Ev [GeV]   dN_dEv [s^-1 GeV^-1]
3.398210e-02 9.911233e-08
3.924190e-02 9.532716e-08
4.531580e-02 9.030081e-08
5.232990e-02 8.447101e-08
6.042960e-02 7.724275e-08
6.978310e-02 6.891431e-08
8.058420e-02 5.958408e-08
9.305720e-02 4.959839e-08
1.074610e-01 3.935857e-08
1.240940e-01 3.089791e-08
1.433010e-01 2.384831e-08
1.654820e-01 1.814500e-08
1.910950e-01 1.342480e-08
2.206730e-01 1.008296e-08
2.548300e-01 7.518224e-09
2.942730e-01 5.565558e-09
3.398210e-01 4.061874e-09
3.924190e-01 3.020333e-09
4.531580e-01 2.240754e-09
5.232990e-01 1.659068e-09
6.042960e-01 1.219345e-09
6.978310e-01 9.131499e-10
8.058420e-01 6.834020e-10
9.305720e-01 5.107278e-10
1.074610e+00 3.775634e-10
1.240940e+00 2.845547e-10
1.433010e+00 2.140014e-10
1.654820e+00 1.605380e-10
1.910950e+00 1.189024e-10
2.206730e+00 8.980302e-11
2.548300e+00 6.764910e-11
2.942730e+00 5.081130e-11
3.398210e+00 3.767166e-11
3.924190e+00 2.844637e-11
4.531580e+00 2.140990e-11
5.232990e+00 1.605601e-11
6.042960e+00 1.189276e-11
6.978310e+00 8.967789e-12
8.058420e+00 6.745153e-12
9.305720e+00 5.060288e-12
1.074610e+01 3.754169e-12
1.240940e+01 2.836467e-12
1.433010e+01 2.137864e-12
1.654820e+01 1.606651e-12
1.910950e+01 1.190942e-12
2.206730e+01 8.996920e-13
2.548300e+01 6.776415e-13
2.942730e+01 5.088025e-13
3.398210e+01 3.763590e-13
3.924190e+01 2.842289e-13
4.531580e+01 2.141405e-13
5.232990e+01 1.609026e-13
6.042960e+01 1.190698e-13
6.978310e+01 9.003235e-14
8.058420e+01 6.791407e-14
9.305720e+01 5.108402e-14
1.074610e+02 3.780670e-14
1.240940e+02 2.858866e-14
1.433010e+02 2.155773e-14
1.654820e+02 1.620334e-14
1.910950e+02 1.197357e-14
2.206730e+02 9.042167e-15
2.548300e+02 6.807987e-15
2.942730e+02 5.108402e-15
3.398210e+02 3.766592e-15
3.924190e+02 2.838993e-15
4.531580e+02 2.133033e-15
5.232990e+02 1.596839e-15
6.042960e+02 1.173962e-15
6.978310e+02 8.825308e-16
8.058420e+02 6.611737e-16
9.305720e+02 4.934155e-16
1.074610e+03 3.613214e-16
1.240940e+03 2.706584e-16
1.433010e+03 2.019858e-16
1.654820e+03 1.500952e-16
1.910950e+03 1.093304e-16
2.206730e+03 8.150401e-17
2.548300e+03 6.050645e-17
2.942730e+03 4.470568e-17
3.398210e+03 3.233117e-17
3.924190e+03 2.394744e-17
4.531580e+03 1.765368e-17
5.232990e+03 1.294421e-17
6.042960e+03 9.271578e-18
6.978310e+03 6.808607e-18
8.058420e+03 4.972584e-18
9.305720e+03 3.609193e-18
1.074610e+04 2.552024e-18
1.240940e+04 1.852871e-18
1.433010e+04 1.336630e-18
1.654820e+04 9.571920e-19
1.910950e+04 6.652606e-19
2.206730e+04 4.757932e-19
2.548300e+04 3.376826e-19
2.942730e+04 2.375739e-19
3.398210e+04 1.613496e-19
3.924190e+04 1.131334e-19
4.531580e+04 7.858776e-20
5.232990e+04 5.401228e-20
6.042960e+04 3.556299e-20
6.978310e+04 2.429195e-20
8.058420e+04 1.640315e-20
9.305720e+04 1.093130e-20
1.074610e+05 6.901348e-21
1.240940e+05 4.553895e-21
1.433010e+05 2.962050e-21
1.654820e+05 1.895034e-21
1.910950e+05 1.129576e-21
2.206730e+05 7.119331e-22
2.548300e+05 4.406533e-22
2.942730e+05 2.670812e-22
3.398210e+05 1.469903e-22
3.924190e+05 8.715638e-23
4.531580e+05 5.050487e-23
5.232990e+05 2.849344e-23
6.042960e+05 1.401386e-23
6.978310e+05 7.658884e-24
8.058420e+05 4.065981e-24
9.305720e+05 2.086124e-24
1.074610e+06 8.730088e-25
1.240940e+06 4.276913e-25
1.433010e+06 2.020509e-25
1.654820e+06 9.141532e-26
1.910950e+06 3.014270e-26
2.206730e+06 1.271968e-26
2.548300e+06 5.133543e-27
2.942730e+06 1.965841e-27
3.398210e+06 4.477425e-28
3.924190e+06 1.525830e-28
4.531580e+06 4.930669e-29
5.232990e+06 1.514360e-29
6.042960e+06 1.894077e-30
6.978310e+06 4.635712e-31
8.058420e+06 1.049960e-31
9.305720e+06 2.309198e-32
1.074610e+07 1.199867e-33
1.240940e+07 1.712431e-34
1.433010e+07 2.065136e-35
1.654820e+07 2.413943e-36
1.910950e+07 3.843117e-38
2.206730e+07 2.235443e-39
2.548300e+07 8.892287e-41
2.942730e+07 2.780493e-42
3.398210e+07 8.067384e-45
3.924190e+07 1.050510e-46
4.531580e+07 6.325109e-49
5.232990e+07 1.699159e-51
6.042960e+07 3.084899e-55
6.978310e+07 1.789169e-58
8.058420e+07 2.340413e-62
9.305720e+07 0.000000e+00
