Ev [GeV]   dN_dEv [s^-1 GeV^-1]
3.398210e-02 4.035241e-09
3.924190e-02 3.885814e-09
4.531580e-02 3.686199e-09
5.232990e-02 3.454795e-09
6.042960e-02 3.169874e-09
6.978310e-02 2.837810e-09
8.058420e-02 2.464756e-09
9.305720e-02 2.063704e-09
1.074610e-01 1.655124e-09
1.240940e-01 1.307879e-09
1.433010e-01 1.015432e-09
1.654820e-01 7.766586e-10
1.910950e-01 5.787671e-10
2.206730e-01 4.357034e-10
2.548300e-01 3.252742e-10
2.942730e-01 2.409125e-10
3.398210e-01 1.758741e-10
3.924190e-01 1.307869e-10
4.531580e-01 9.703621e-11
5.232990e-01 7.185147e-11
6.042960e-01 5.281121e-11
6.978310e-01 3.955179e-11
8.058420e-01 2.960229e-11
9.305720e-01 2.212403e-11
1.074610e+00 1.635662e-11
1.240940e+00 1.232811e-11
1.433010e+00 9.272079e-12
1.654820e+00 6.956149e-12
1.910950e+00 5.152498e-12
2.206730e+00 3.891828e-12
2.548300e+00 2.931985e-12
2.942730e+00 2.202423e-12
3.398210e+00 1.633072e-12
3.924190e+00 1.233292e-12
4.531580e+00 9.283324e-13
5.232990e+00 6.962818e-13
6.042960e+00 5.158208e-13
6.978310e+00 3.890178e-13
8.058420e+00 2.926517e-13
9.305720e+00 2.195918e-13
1.074610e+01 1.629488e-13
1.240940e+01 1.231428e-13
1.433010e+01 9.283593e-14
1.654820e+01 6.978677e-14
1.910950e+01 5.174683e-14
2.206730e+01 3.910417e-14
2.548300e+01 2.946336e-14
2.942730e+01 2.213106e-14
3.398210e+01 1.637821e-14
3.924190e+01 1.237465e-14
4.531580e+01 9.327971e-15
5.232990e+01 7.012974e-15
6.042960e+01 5.193399e-15
6.978310e+01 3.929563e-15
8.058420e+01 2.966410e-15
9.305720e+01 2.233158e-15
1.074610e+02 1.654467e-15
1.240940e+02 1.252311e-15
1.433010e+02 9.453627e-16
1.654820e+02 7.114272e-16
1.910950e+02 5.265255e-16
2.206730e+02 3.981949e-16
2.548300e+02 3.002895e-16
2.942730e+02 2.257269e-16
3.398210e+02 1.668088e-16
3.924190e+02 1.259927e-16
4.531580e+02 9.488241e-17
5.232990e+02 7.121465e-17
6.042960e+02 5.252507e-17
6.978310e+02 3.960470e-17
8.058420e+02 2.976955e-17
9.305720e+02 2.229781e-17
1.074610e+03 1.640372e-17
1.240940e+03 1.233998e-17
1.433010e+03 9.252076e-18
1.654820e+03 6.910625e-18
1.910950e+03 5.066418e-18
2.206730e+03 3.799301e-18
2.548300e+03 2.838805e-18
2.942730e+03 2.112439e-18
3.398210e+03 1.541474e-18
3.924190e+03 1.151052e-18
4.531580e+03 8.560813e-19
5.232990e+03 6.338243e-19
6.042960e+03 4.595985e-19
6.978310e+03 3.412386e-19
8.058420e+03 2.522217e-19
9.305720e+03 1.854785e-19
1.074610e+04 1.333539e-19
1.240940e+04 9.826020e-20
1.433010e+04 7.202912e-20
1.654820e+04 5.249240e-20
1.910950e+04 3.731297e-20
2.206730e+04 2.721658e-20
2.548300e+04 1.973310e-20
2.942730e+04 1.421001e-20
3.398210e+04 9.947917e-21
3.924190e+04 7.159736e-21
4.531580e+04 5.116416e-21
5.232990e+04 3.626748e-21
6.042960e+04 2.487720e-21
6.978310e+04 1.759200e-21
8.058420e+04 1.233380e-21
9.305720e+04 8.563156e-22
1.074610e+05 5.715599e-22
1.240940e+05 3.949170e-22
1.433010e+05 2.700147e-22
1.654820e+05 1.824124e-22
1.910950e+05 1.173607e-22
2.206730e+05 7.864917e-23
2.548300e+05 5.202423e-23
2.942730e+05 3.390272e-23
3.398210e+05 2.074953e-23
3.924190e+05 1.335488e-23
4.531580e+05 8.456287e-24
5.232990e+05 5.254658e-24
6.042960e+05 3.002491e-24
6.978310e+05 1.831697e-24
8.058420e+05 1.094628e-24
9.305720e+05 6.386874e-25
1.074610e+06 3.315607e-25
1.240940e+06 1.883574e-25
1.433010e+06 1.042487e-25
1.654820e+06 5.596196e-26
1.910950e+06 2.535018e-26
2.206730e+06 1.309263e-26
2.548300e+06 6.543595e-27
2.942730e+06 3.145932e-27
3.398210e+06 1.168872e-27
3.924190e+06 5.308211e-28
4.531580e+06 2.314300e-28
5.232990e+06 9.611627e-29
6.042960e+06 2.647219e-29
6.978310e+06 1.004952e-29
8.058420e+06 3.632784e-30
9.305720e+06 1.243588e-30
1.074610e+07 2.118710e-31
1.240940e+07 6.154238e-32
1.433010e+07 1.680793e-32
1.654820e+07 4.405741e-33
1.910950e+07 3.536538e-34
2.206730e+07 6.692005e-35
2.548300e+07 1.131168e-35
2.942730e+07 1.873084e-36
3.398210e+07 5.381262e-38
3.924190e+07 5.013678e-39
4.531580e+07 3.576777e-40
5.232990e+07 2.314199e-41
6.042960e+07 1.582866e-43
6.978310e+07 4.375990e-45
8.058420e+07 5.239926e-47
9.305720e+07 0.000000e+00
