Ev [GeV]   dN_dEv [s^-1 GeV^-1]
3.398210e-02 4.115842e-09
3.924190e-02 3.963431e-09
4.531580e-02 3.759828e-09
5.232990e-02 3.523802e-09
6.042960e-02 3.233190e-09
6.978310e-02 2.894494e-09
8.058420e-02 2.513988e-09
9.305720e-02 2.104925e-09
1.074610e-01 1.688184e-09
1.240940e-01 1.334003e-09
1.433010e-01 1.035715e-09
1.654820e-01 7.921719e-10
1.910950e-01 5.903275e-10
2.206730e-01 4.444063e-10
2.548300e-01 3.317713e-10
2.942730e-01 2.457246e-10
3.398210e-01 1.793871e-10
3.924190e-01 1.333993e-10
4.531580e-01 9.897445e-11
5.232990e-01 7.328665e-11
6.042960e-01 5.386608e-11
6.978310e-01 4.034181e-11
8.058420e-01 3.019358e-11
9.305720e-01 2.256594e-11
1.074610e+00 1.668333e-11
1.240940e+00 1.257435e-11
1.433010e+00 9.457283e-12
1.654820e+00 7.095093e-12
1.910950e+00 5.255416e-12
2.206730e+00 3.969565e-12
2.548300e+00 2.990549e-12
2.942730e+00 2.246415e-12
3.398210e+00 1.665692e-12
3.924190e+00 1.257926e-12
4.531580e+00 9.468752e-13
5.232990e+00 7.101896e-13
6.042960e+00 5.261240e-13
6.978310e+00 3.967881e-13
8.058420e+00 2.984972e-13
9.305720e+00 2.239780e-13
1.074610e+01 1.662036e-13
1.240940e+01 1.256025e-13
1.433010e+01 9.469027e-14
1.654820e+01 7.118071e-14
1.910950e+01 5.278044e-14
2.206730e+01 3.988525e-14
2.548300e+01 3.005187e-14
2.942730e+01 2.257312e-14
3.398210e+01 1.670536e-14
3.924190e+01 1.262183e-14
4.531580e+01 9.514291e-15
5.232990e+01 7.153054e-15
6.042960e+01 5.297134e-15
6.978310e+01 4.008053e-15
8.058420e+01 3.025662e-15
9.305720e+01 2.277764e-15
1.074610e+02 1.687514e-15
1.240940e+02 1.277325e-15
1.433010e+02 9.642457e-16
1.654820e+02 7.256375e-16
1.910950e+02 5.370425e-16
2.206730e+02 4.061485e-16
2.548300e+02 3.062876e-16
2.942730e+02 2.302357e-16
3.398210e+02 1.701407e-16
3.924190e+02 1.285093e-16
4.531580e+02 9.677762e-17
5.232990e+02 7.263712e-17
6.042960e+02 5.357423e-17
6.978310e+02 4.039578e-17
8.058420e+02 3.036418e-17
9.305720e+02 2.274320e-17
1.074610e+03 1.673138e-17
1.240940e+03 1.258646e-17
1.433010e+03 9.436880e-18
1.654820e+03 7.048660e-18
1.910950e+03 5.167616e-18
2.206730e+03 3.875190e-18
2.548300e+03 2.895508e-18
2.942730e+03 2.154634e-18
3.398210e+03 1.572264e-18
3.924190e+03 1.174044e-18
4.531580e+03 8.731809e-19
5.232990e+03 6.464845e-19
6.042960e+03 4.687787e-19
6.978310e+03 3.480547e-19
8.058420e+03 2.572596e-19
9.305720e+03 1.891833e-19
1.074610e+04 1.360175e-19
1.240940e+04 1.002229e-19
1.433010e+04 7.346785e-20
1.654820e+04 5.354090e-20
1.910950e+04 3.805827e-20
2.206730e+04 2.776022e-20
2.548300e+04 2.012726e-20
2.942730e+04 1.449385e-20
3.398210e+04 1.014662e-20
3.924190e+04 7.302747e-21
4.531580e+04 5.218613e-21
5.232990e+04 3.699189e-21
6.042960e+04 2.537411e-21
6.978310e+04 1.794339e-21
8.058420e+04 1.258016e-21
9.305720e+04 8.734199e-22
1.074610e+05 5.829764e-22
1.240940e+05 4.028052e-22
1.433010e+05 2.754081e-22
1.654820e+05 1.860559e-22
1.910950e+05 1.197049e-22
2.206730e+05 8.022014e-23
2.548300e+05 5.306338e-23
2.942730e+05 3.457991e-23
3.398210e+05 2.116399e-23
3.924190e+05 1.362163e-23
4.531580e+05 8.625196e-24
5.232990e+05 5.359617e-24
6.042960e+05 3.062464e-24
6.978310e+05 1.868284e-24
8.058420e+05 1.116492e-24
9.305720e+05 6.514447e-25
1.074610e+06 3.381834e-25
1.240940e+06 1.921197e-25
1.433010e+06 1.063310e-25
1.654820e+06 5.707977e-26
1.910950e+06 2.585654e-26
2.206730e+06 1.335415e-26
2.548300e+06 6.674299e-27
2.942730e+06 3.208770e-27
3.398210e+06 1.192220e-27
3.924190e+06 5.414239e-28
4.531580e+06 2.360527e-28
5.232990e+06 9.803613e-29
6.042960e+06 2.700096e-29
6.978310e+06 1.025026e-29
8.058420e+06 3.705346e-30
9.305720e+06 1.268427e-30
1.074610e+07 2.161030e-31
1.240940e+07 6.277164e-32
1.433010e+07 1.714366e-32
1.654820e+07 4.493743e-33
1.910950e+07 3.607178e-34
2.206730e+07 6.825674e-35
2.548300e+07 1.153762e-35
2.942730e+07 1.910498e-36
3.398210e+07 5.488749e-38
3.924190e+07 5.113823e-39
4.531580e+07 3.648220e-40
5.232990e+07 2.360423e-41
6.042960e+07 1.614483e-43
6.978310e+07 4.463398e-45
8.058420e+07 5.344590e-47
9.305720e+07 0.000000e+00
