Ev [GeV]   dN_dEv [s^-1 GeV^-1]
3.398210e-02 1.349029e-05
3.924190e-02 1.297509e-05
4.531580e-02 1.229094e-05
5.232990e-02 1.149744e-05
6.042960e-02 1.051360e-05
6.978310e-02 9.380003e-06
8.058420e-02 8.110055e-06
9.305720e-02 6.750892e-06
1.074610e-01 5.357139e-06
1.240940e-01 4.205549e-06
1.433010e-01 3.246020e-06
1.654820e-01 2.469736e-06
1.910950e-01 1.827264e-06
2.206730e-01 1.372403e-06
2.548300e-01 1.023314e-06
2.942730e-01 7.575343e-07
3.398210e-01 5.528663e-07
3.924190e-01 4.111008e-07
4.531580e-01 3.049915e-07
5.232990e-01 2.258177e-07
6.042960e-01 1.659664e-07
6.978310e-01 1.242898e-07
8.058420e-01 9.301860e-08
9.305720e-01 6.951573e-08
1.074610e+00 5.139057e-08
1.240940e+00 3.873106e-08
1.433010e+00 2.912797e-08
1.654820e+00 2.185101e-08
1.910950e+00 1.618394e-08
2.206730e+00 1.222319e-08
2.548300e+00 9.207794e-09
2.942730e+00 6.915982e-09
3.398210e+00 5.127531e-09
3.924190e+00 3.871867e-09
4.531580e+00 2.914126e-09
5.232990e+00 2.185402e-09
6.042960e+00 1.618737e-09
6.978310e+00 1.220616e-09
8.058420e+00 9.180903e-10
9.305720e+00 6.887615e-10
1.074610e+01 5.109841e-10
1.240940e+01 3.860747e-10
1.433010e+01 2.909870e-10
1.654820e+01 2.186831e-10
1.910950e+01 1.621004e-10
2.206730e+01 1.224581e-10
2.548300e+01 9.223454e-11
2.942730e+01 6.925368e-11
3.398210e+01 5.122664e-11
3.924190e+01 3.868672e-11
4.531580e+01 2.914690e-11
5.232990e+01 2.190063e-11
6.042960e+01 1.620672e-11
6.978310e+01 1.225440e-11
8.058420e+01 9.243860e-12
9.305720e+01 6.953103e-12
1.074610e+02 5.145912e-12
1.240940e+02 3.891234e-12
1.433010e+02 2.934246e-12
1.654820e+02 2.205454e-12
1.910950e+02 1.629736e-12
2.206730e+02 1.230739e-12
2.548300e+02 9.266427e-13
2.942730e+02 6.953103e-13
3.398210e+02 5.126751e-13
3.924190e+02 3.864185e-13
4.531580e+02 2.903295e-13
5.232990e+02 2.173475e-13
6.042960e+02 1.597893e-13
6.978310e+02 1.201222e-13
8.058420e+02 8.999308e-14
9.305720e+02 6.715933e-14
1.074610e+03 4.917986e-14
1.240940e+03 3.683961e-14
1.433010e+03 2.749251e-14
1.654820e+03 2.042963e-14
1.910950e+03 1.488109e-14
2.206730e+03 1.109360e-14
2.548300e+03 8.235600e-15
2.942730e+03 6.084940e-15
3.398210e+03 4.400631e-15
3.924190e+03 3.259513e-15
4.531580e+03 2.402861e-15
5.232990e+03 1.761850e-15
6.042960e+03 1.261965e-15
6.978310e+03 9.267271e-16
8.058420e+03 6.768239e-16
9.305720e+03 4.912512e-16
1.074610e+04 3.473588e-16
1.240940e+04 2.521963e-16
1.433010e+04 1.819302e-16
1.654820e+04 1.302845e-16
1.910950e+04 9.054936e-17
2.206730e+04 6.476075e-17
2.548300e+04 4.596236e-17
2.942730e+04 3.233645e-17
3.398210e+04 2.196148e-17
3.924190e+04 1.539872e-17
4.531580e+04 1.069667e-17
5.232990e+04 7.351672e-18
6.042960e+04 4.840518e-18
6.978310e+04 3.306404e-18
8.058420e+04 2.232651e-18
9.305720e+04 1.487872e-18
1.074610e+05 9.393501e-19
1.240940e+05 6.198358e-19
1.433010e+05 4.031680e-19
1.654820e+05 2.579352e-19
1.910950e+05 1.537478e-19
2.206730e+05 9.690200e-20
2.548300e+05 5.997781e-20
2.942730e+05 3.635272e-20
3.398210e+05 2.000702e-20
3.924190e+05 1.186295e-20
4.531580e+05 6.874275e-21
5.232990e+05 3.878273e-21
6.042960e+05 1.907442e-21
6.978310e+05 1.042459e-21
8.058420e+05 5.534252e-22
9.305720e+05 2.839447e-22
1.074610e+06 1.188262e-22
1.240940e+06 5.821354e-23
1.433010e+06 2.750137e-23
1.654820e+06 1.244264e-23
1.910950e+06 4.102757e-24
2.206730e+06 1.731289e-24
2.548300e+06 6.987323e-25
2.942730e+06 2.675728e-25
3.398210e+06 6.094273e-26
3.924190e+06 2.076825e-26
4.531580e+06 6.711188e-27
5.232990e+06 2.061212e-27
6.042960e+06 2.578049e-28
6.978310e+06 6.309719e-29
8.058420e+06 1.429112e-29
9.305720e+06 3.143075e-30
1.074610e+07 1.633152e-31
1.240940e+07 2.330809e-32
1.433010e+07 2.810879e-33
1.654820e+07 3.285645e-34
1.910950e+07 5.230909e-36
2.206730e+07 3.042686e-37
2.548300e+07 1.210339e-38
2.942730e+07 3.784560e-40
3.398210e+07 1.098061e-42
3.924190e+07 1.429861e-44
4.531580e+07 8.609176e-47
5.232990e+07 2.312744e-49
6.042960e+07 4.198890e-53
6.978310e+07 2.435257e-56
8.058420e+07 3.185563e-60
9.305720e+07 0.000000e+00
