Ev [GeV]   dN_dEv [s^-1 GeV^-1]
3.398210e-02 4.201128e-07
3.924190e-02 4.040684e-07
4.531580e-02 3.827629e-07
5.232990e-02 3.580519e-07
6.042960e-02 3.274130e-07
6.978310e-02 2.921108e-07
8.058420e-02 2.525623e-07
9.305720e-02 2.102354e-07
1.074610e-01 1.668313e-07
1.240940e-01 1.309687e-07
1.433010e-01 1.010871e-07
1.654820e-01 7.691220e-08
1.910950e-01 5.690442e-08
2.206730e-01 4.273920e-08
2.548300e-01 3.186790e-08
2.942730e-01 2.359103e-08
3.398210e-01 1.721729e-08
3.924190e-01 1.280245e-08
4.531580e-01 9.498006e-09
5.232990e-01 7.032384e-09
6.042960e-01 5.168503e-09
6.978310e-01 3.870618e-09
8.058420e-01 2.896773e-09
9.305720e-01 2.164850e-09
1.074610e+00 1.600398e-09
1.240940e+00 1.206158e-09
1.433010e+00 9.070993e-10
1.654820e+00 6.804813e-10
1.910950e+00 5.039981e-10
2.206730e+00 3.806529e-10
2.548300e+00 2.867479e-10
2.942730e+00 2.153766e-10
3.398210e+00 1.596809e-10
3.924190e+00 1.205772e-10
4.531580e+00 9.075131e-11
5.232990e+00 6.805749e-11
6.042960e+00 5.041048e-11
6.978310e+00 3.801225e-11
8.058420e+00 2.859105e-11
9.305720e+00 2.144932e-11
1.074610e+01 1.591300e-11
1.240940e+01 1.202309e-11
1.433010e+01 9.061880e-12
1.654820e+01 6.810199e-12
1.910950e+01 5.048109e-12
2.206730e+01 3.813574e-12
2.548300e+01 2.872356e-12
2.942730e+01 2.156689e-12
3.398210e+01 1.595293e-12
3.924190e+01 1.204777e-12
4.531580e+01 9.076888e-13
5.232990e+01 6.820265e-13
6.042960e+01 5.047074e-13
6.978310e+01 3.816250e-13
8.058420e+01 2.878711e-13
9.305720e+01 2.165326e-13
1.074610e+02 1.602533e-13
1.240940e+02 1.211803e-13
1.433010e+02 9.137792e-14
1.654820e+02 6.868196e-14
1.910950e+02 5.075301e-14
2.206730e+02 3.832753e-14
2.548300e+02 2.885739e-14
2.942730e+02 2.165326e-14
3.398210e+02 1.596566e-14
3.924190e+02 1.203379e-14
4.531580e+02 9.041404e-15
5.232990e+02 6.768606e-15
6.042960e+02 4.976138e-15
6.978310e+02 3.740831e-15
8.058420e+02 2.802553e-15
9.305720e+02 2.091467e-15
1.074610e+03 1.531553e-15
1.240940e+03 1.147254e-15
1.433010e+03 8.561682e-16
1.654820e+03 6.362168e-16
1.910950e+03 4.634249e-16
2.206730e+03 3.454755e-16
2.548300e+03 2.564720e-16
2.942730e+03 1.894964e-16
3.398210e+03 1.370439e-16
3.924190e+03 1.015073e-16
4.531580e+03 7.482960e-17
5.232990e+03 5.486731e-17
6.042960e+03 3.929994e-17
6.978310e+03 2.886001e-17
8.058420e+03 2.107756e-17
9.305720e+03 1.529848e-17
1.074610e+04 1.081740e-17
1.240940e+04 7.853864e-18
1.433010e+04 5.665648e-18
1.654820e+04 4.057302e-18
1.910950e+04 2.819876e-18
2.206730e+04 2.016771e-18
2.548300e+04 1.431354e-18
2.942730e+04 1.007018e-18
3.398210e+04 6.839214e-19
3.924190e+04 4.795448e-19
4.531580e+04 3.331142e-19
5.232990e+04 2.289448e-19
6.042960e+04 1.507428e-19
6.978310e+04 1.029676e-19
8.058420e+04 6.952892e-20
9.305720e+04 4.633510e-20
1.074610e+05 2.925312e-20
1.240940e+05 1.930284e-20
1.433010e+05 1.255540e-20
1.654820e+05 8.032583e-21
1.910950e+05 4.787993e-21
2.206730e+05 3.017709e-21
2.548300e+05 1.867821e-21
2.942730e+05 1.132092e-21
3.398210e+05 6.230559e-22
3.924190e+05 3.694345e-22
4.531580e+05 2.140778e-22
5.232990e+05 1.207767e-22
6.042960e+05 5.940131e-23
6.978310e+05 3.246413e-23
8.058420e+05 1.723469e-23
9.305720e+05 8.842569e-24
1.074610e+06 3.700470e-24
1.240940e+06 1.812878e-24
1.433010e+06 8.564440e-25
1.654820e+06 3.874871e-25
1.910950e+06 1.277675e-25
2.206730e+06 5.391558e-26
2.548300e+06 2.175983e-26
2.942730e+06 8.332716e-27
3.398210e+06 1.897870e-27
3.924190e+06 6.467620e-28
4.531580e+06 2.089989e-28
5.232990e+06 6.418999e-29
6.042960e+06 8.028528e-30
6.978310e+06 1.964964e-30
8.058420e+06 4.450521e-31
9.305720e+06 9.788122e-32
1.074610e+07 5.085942e-33
1.240940e+07 7.258575e-34
1.433010e+07 8.753603e-35
1.654820e+07 1.023211e-35
1.910950e+07 1.629003e-37
2.206730e+07 9.475494e-39
2.548300e+07 3.769222e-40
2.942730e+07 1.178583e-41
3.398210e+07 3.419566e-44
3.924190e+07 4.452853e-46
4.531580e+07 2.681058e-48
5.232990e+07 7.202318e-51
6.042960e+07 1.307613e-54
6.978310e+07 7.583847e-58
8.058420e+07 9.920437e-62
9.305720e+07 0.000000e+00
