Ev [GeV]   dN_dEv [s^-1 GeV^-1]
3.398210e-02 9.599244e-09
3.924190e-02 9.243781e-09
4.531580e-02 8.768925e-09
5.232990e-02 8.218449e-09
6.042960e-02 7.540664e-09
6.978310e-02 6.750733e-09
8.058420e-02 5.863292e-09
9.305720e-02 4.909248e-09
1.074610e-01 3.937297e-09
1.240940e-01 3.111251e-09
1.433010e-01 2.415564e-09
1.654820e-01 1.847557e-09
1.910950e-01 1.376802e-09
2.206730e-01 1.036474e-09
2.548300e-01 7.737794e-10
2.942730e-01 5.730954e-10
3.398210e-01 4.183786e-10
3.924190e-01 3.111228e-10
4.531580e-01 2.308349e-10
5.232990e-01 1.709241e-10
6.042960e-01 1.256301e-10
6.978310e-01 9.408788e-11
8.058420e-01 7.041949e-11
9.305720e-01 5.262980e-11
1.074610e+00 3.890999e-11
1.240940e+00 2.932675e-11
1.433010e+00 2.205691e-11
1.654820e+00 1.654765e-11
1.910950e+00 1.225703e-11
2.206730e+00 9.258086e-12
2.548300e+00 6.974760e-12
2.942730e+00 5.239241e-12
3.398210e+00 3.884838e-12
3.924190e+00 2.933819e-12
4.531580e+00 2.208366e-12
5.232990e+00 1.656352e-12
6.042960e+00 1.227062e-12
6.978310e+00 9.254160e-13
8.058420e+00 6.961752e-13
9.305720e+00 5.223766e-13
1.074610e+01 3.876311e-13
1.240940e+01 2.929385e-13
1.433010e+01 2.208430e-13
1.654820e+01 1.660124e-13
1.910950e+01 1.230981e-13
2.206730e+01 9.302307e-14
2.548300e+01 7.008900e-14
2.942730e+01 5.264654e-14
3.398210e+01 3.896135e-14
3.924190e+01 2.943748e-14
4.531580e+01 2.218987e-14
5.232990e+01 1.668283e-14
6.042960e+01 1.235433e-14
6.978310e+01 9.347851e-15
8.058420e+01 7.056652e-15
9.305720e+01 5.312354e-15
1.074610e+02 3.935734e-15
1.240940e+02 2.979062e-15
1.433010e+02 2.248879e-15
1.654820e+02 1.692381e-15
1.910950e+02 1.252527e-15
2.206730e+02 9.472470e-16
2.548300e+02 7.143445e-16
2.942730e+02 5.369711e-16
3.398210e+02 3.968137e-16
3.924190e+02 2.997181e-16
4.531580e+02 2.257113e-16
5.232990e+02 1.694092e-16
6.042960e+02 1.249494e-16
6.978310e+02 9.421375e-17
8.058420e+02 7.081738e-17
9.305720e+02 5.304321e-17
1.074610e+03 3.902205e-17
1.240940e+03 2.935499e-17
1.433010e+03 2.200933e-17
1.654820e+03 1.643936e-17
1.910950e+03 1.205226e-17
2.206730e+03 9.037979e-18
2.548300e+03 6.753099e-18
2.942730e+03 5.025182e-18
3.398210e+03 3.666940e-18
3.924190e+03 2.738183e-18
4.531580e+03 2.036491e-18
5.232990e+03 1.507775e-18
6.042960e+03 1.093317e-18
6.978310e+03 8.117565e-19
8.058420e+03 5.999983e-19
9.305720e+03 4.412260e-19
1.074610e+04 3.172292e-19
1.240940e+04 2.337466e-19
1.433010e+04 1.713467e-19
1.654820e+04 1.248717e-19
1.910950e+04 8.876206e-20
2.206730e+04 6.474425e-20
2.548300e+04 4.694215e-20
2.942730e+04 3.380352e-20
3.398210e+04 2.366463e-20
3.924190e+04 1.703196e-20
4.531580e+04 1.217120e-20
5.232990e+04 8.627499e-21
6.042960e+04 5.917920e-21
6.978310e+04 4.184877e-21
8.058420e+04 2.934030e-21
9.305720e+04 2.037049e-21
1.074610e+05 1.359657e-21
1.240940e+05 9.394493e-22
1.433010e+05 6.423253e-22
1.654820e+05 4.339321e-22
1.910950e+05 2.791838e-22
2.206730e+05 1.870948e-22
2.548300e+05 1.237580e-22
2.942730e+05 8.064959e-23
3.398210e+05 4.936008e-23
3.924190e+05 3.176929e-23
4.531580e+05 2.011626e-23
5.232990e+05 1.250006e-23
6.042960e+05 7.142485e-24
6.978310e+05 4.357337e-24
8.058420e+05 2.603958e-24
9.305720e+05 1.519343e-24
1.074610e+06 7.887341e-25
1.240940e+06 4.480745e-25
1.433010e+06 2.479923e-25
1.654820e+06 1.331253e-25
1.910950e+06 6.030436e-26
2.206730e+06 3.114545e-26
2.548300e+06 1.556625e-26
2.942730e+06 7.483709e-27
3.398210e+06 2.780575e-27
3.924190e+06 1.262745e-27
4.531580e+06 5.505379e-28
5.232990e+06 2.286465e-28
6.042960e+06 6.297345e-29
6.978310e+06 2.390633e-29
8.058420e+06 8.641857e-30
9.305720e+06 2.958312e-30
1.074610e+07 5.040100e-31
1.240940e+07 1.464003e-31
1.433010e+07 3.998359e-32
1.654820e+07 1.048061e-32
1.910950e+07 8.412904e-34
2.206730e+07 1.591930e-34
2.548300e+07 2.690882e-35
2.942730e+07 4.455791e-36
3.398210e+07 1.280123e-37
3.924190e+07 1.192680e-38
4.531580e+07 8.508625e-40
5.232990e+07 5.505138e-41
6.042960e+07 3.765405e-43
6.978310e+07 1.040984e-44
8.058420e+07 1.246501e-46
9.305720e+07 0.000000e+00
