Ev [GeV]   dN_dEv [s^-1 GeV^-1]
3.398210e-02 2.107858e-07
3.924190e-02 2.027357e-07
4.531580e-02 1.920460e-07
5.232990e-02 1.796476e-07
6.042960e-02 1.642749e-07
6.978310e-02 1.465625e-07
8.058420e-02 1.267196e-07
9.305720e-02 1.054827e-07
1.074610e-01 8.370530e-08
1.240940e-01 6.571171e-08
1.433010e-01 5.071907e-08
1.654820e-01 3.858963e-08
1.910950e-01 2.855100e-08
2.206730e-01 2.144380e-08
2.548300e-01 1.598928e-08
2.942730e-01 1.183647e-08
3.398210e-01 8.638535e-09
3.924190e-01 6.423451e-09
4.531580e-01 4.765493e-09
5.232990e-01 3.528401e-09
6.042960e-01 2.593225e-09
6.978310e-01 1.942029e-09
8.058420e-01 1.453416e-09
9.305720e-01 1.086183e-09
1.074610e+00 8.029777e-10
1.240940e+00 6.051728e-10
1.433010e+00 4.551245e-10
1.654820e+00 3.414221e-10
1.910950e+00 2.528740e-10
2.206730e+00 1.909873e-10
2.548300e+00 1.438718e-10
2.942730e+00 1.080622e-10
3.398210e+00 8.011767e-11
3.924190e+00 6.049792e-11
4.531580e+00 4.553321e-11
5.232990e+00 3.414690e-11
6.042960e+00 2.529276e-11
6.978310e+00 1.907212e-11
8.058420e+00 1.434516e-11
9.305720e+00 1.076190e-11
1.074610e+01 7.984126e-12
1.240940e+01 6.032417e-12
1.433010e+01 4.546672e-12
1.654820e+01 3.416923e-12
1.910950e+01 2.532819e-12
2.206730e+01 1.913408e-12
2.548300e+01 1.441165e-12
2.942730e+01 1.082089e-12
3.398210e+01 8.004163e-13
3.924190e+01 6.044800e-13
4.531580e+01 4.554203e-13
5.232990e+01 3.421973e-13
6.042960e+01 2.532300e-13
6.978310e+01 1.914750e-13
8.058420e+01 1.444353e-13
9.305720e+01 1.086422e-13
1.074610e+02 8.040487e-14
1.240940e+02 6.080053e-14
1.433010e+02 4.584760e-14
1.654820e+02 3.446022e-14
1.910950e+02 2.546462e-14
2.206730e+02 1.923030e-14
2.548300e+02 1.447879e-14
2.942730e+02 1.086422e-14
3.398210e+02 8.010548e-15
3.924190e+02 6.037788e-15
4.531580e+02 4.536399e-15
5.232990e+02 3.396054e-15
6.042960e+02 2.496708e-15
6.978310e+02 1.876910e-15
8.058420e+02 1.406142e-15
9.305720e+02 1.049365e-15
1.074610e+03 7.684352e-16
1.240940e+03 5.756189e-16
1.433010e+03 4.295705e-16
1.654820e+03 3.192130e-16
1.910950e+03 2.325170e-16
2.206730e+03 1.733375e-16
2.548300e+03 1.286812e-16
2.942730e+03 9.507719e-17
3.398210e+03 6.875987e-17
3.924190e+03 5.092990e-17
4.531580e+03 3.754471e-17
5.232990e+03 2.752891e-17
6.042960e+03 1.971820e-17
6.978310e+03 1.448011e-17
8.058420e+03 1.057537e-17
9.305720e+03 7.675801e-18
1.074610e+04 5.427481e-18
1.240940e+04 3.940567e-18
1.433010e+04 2.842660e-18
1.654820e+04 2.035695e-18
1.910950e+04 1.414834e-18
2.206730e+04 1.011887e-18
2.548300e+04 7.181618e-19
2.942730e+04 5.052570e-19
3.398210e+04 3.431481e-19
3.924190e+04 2.406050e-19
4.531580e+04 1.671354e-19
5.232990e+04 1.148699e-19
6.042960e+04 7.563309e-20
6.978310e+04 5.166256e-20
8.058420e+04 3.488517e-20
9.305720e+04 2.324799e-20
1.074610e+05 1.467735e-20
1.240940e+05 9.684934e-21
1.433010e+05 6.299499e-21
1.654820e+05 4.030237e-21
1.910950e+05 2.402309e-21
2.206730e+05 1.514094e-21
2.548300e+05 9.371533e-22
2.942730e+05 5.680113e-22
3.398210e+05 3.126096e-22
3.924190e+05 1.853586e-22
4.531580e+05 1.074105e-22
5.232990e+05 6.059802e-23
6.042960e+05 2.980378e-23
6.978310e+05 1.628843e-23
8.058420e+05 8.647268e-24
9.305720e+05 4.436636e-24
1.074610e+06 1.856659e-24
1.240940e+06 9.095866e-25
1.433010e+06 4.297089e-25
1.654820e+06 1.944163e-25
1.910950e+06 6.410557e-26
2.206730e+06 2.705139e-26
2.548300e+06 1.091769e-26
2.942730e+06 4.180824e-27
3.398210e+06 9.522302e-28
3.924190e+06 3.245039e-28
4.531580e+06 1.048623e-28
5.232990e+06 3.220644e-29
6.042960e+06 4.028202e-30
6.978310e+06 9.858935e-31
8.058420e+06 2.232987e-31
9.305720e+06 4.911054e-32
1.074610e+07 2.551801e-33
1.240940e+07 3.641889e-34
1.433010e+07 4.391999e-35
1.654820e+07 5.133821e-36
1.910950e+07 8.173295e-38
2.206730e+07 4.754197e-39
2.548300e+07 1.891155e-40
2.942730e+07 5.913376e-42
3.398210e+07 1.715720e-44
3.924190e+07 2.234157e-46
4.531580e+07 1.345184e-48
5.232990e+07 3.613663e-51
6.042960e+07 6.560765e-55
6.978310e+07 3.805090e-58
8.058420e+07 4.977442e-62
9.305720e+07 0.000000e+00
