Ev [GeV]   dN_dEv [s^-1 GeV^-1]
3.398210e-02 2.877211e-06
3.924190e-02 2.767329e-06
4.531580e-02 2.621414e-06
5.232990e-02 2.452177e-06
6.042960e-02 2.242342e-06
6.978310e-02 2.000569e-06
8.058420e-02 1.729714e-06
9.305720e-02 1.439831e-06
1.074610e-01 1.142572e-06
1.240940e-01 8.969603e-07
1.433010e-01 6.923118e-07
1.654820e-01 5.267457e-07
1.910950e-01 3.897192e-07
2.206730e-01 2.927064e-07
2.548300e-01 2.182525e-07
2.942730e-01 1.615670e-07
3.398210e-01 1.179154e-07
3.924190e-01 8.767966e-08
4.531580e-01 6.504864e-08
5.232990e-01 4.816243e-08
6.042960e-01 3.539734e-08
6.978310e-01 2.650856e-08
8.058420e-01 1.983902e-08
9.305720e-01 1.482633e-08
1.074610e+00 1.096059e-08
1.240940e+00 8.260567e-09
1.433010e+00 6.212418e-09
1.654820e+00 4.660387e-09
1.910950e+00 3.451713e-09
2.206730e+00 2.606964e-09
2.548300e+00 1.963840e-09
2.942730e+00 1.475042e-09
3.398210e+00 1.093601e-09
3.924190e+00 8.257925e-10
4.531580e+00 6.215252e-10
5.232990e+00 4.661028e-10
6.042960e+00 3.452444e-10
6.978310e+00 2.603331e-10
8.058420e+00 1.958104e-10
9.305720e+00 1.468992e-10
1.074610e+01 1.089828e-10
1.240940e+01 8.234207e-11
1.433010e+01 6.206176e-11
1.654820e+01 4.664076e-11
1.910950e+01 3.457280e-11
2.206730e+01 2.611788e-11
2.548300e+01 1.967180e-11
2.942730e+01 1.477044e-11
3.398210e+01 1.092563e-11
3.924190e+01 8.251110e-12
4.531580e+01 6.216455e-12
5.232990e+01 4.670970e-12
6.042960e+01 3.456571e-12
6.978310e+01 2.613621e-12
8.058420e+01 1.971532e-12
9.305720e+01 1.482959e-12
1.074610e+02 1.097521e-12
1.240940e+02 8.299230e-13
1.433010e+02 6.258166e-13
1.654820e+02 4.703796e-13
1.910950e+02 3.475903e-13
2.206730e+02 2.624923e-13
2.548300e+02 1.976345e-13
2.942730e+02 1.482959e-13
3.398210e+02 1.093434e-13
3.924190e+02 8.241539e-14
4.531580e+02 6.192153e-14
5.232990e+02 4.635590e-14
6.042960e+02 3.407990e-14
6.978310e+02 2.561969e-14
8.058420e+02 1.919374e-14
9.305720e+02 1.432375e-14
1.074610e+03 1.048909e-14
1.240940e+03 7.857159e-15
1.433010e+03 5.863607e-15
1.654820e+03 4.357235e-15
1.910950e+03 3.173841e-15
2.206730e+03 2.366045e-15
2.548300e+03 1.756490e-15
2.942730e+03 1.297797e-15
3.398210e+03 9.385674e-16
3.924190e+03 6.951896e-16
4.531580e+03 5.124827e-16
5.232990e+03 3.757677e-16
6.042960e+03 2.691521e-16
6.978310e+03 1.976525e-16
8.058420e+03 1.443531e-16
9.305720e+03 1.047741e-16
1.074610e+04 7.408474e-17
1.240940e+04 5.378847e-17
1.433010e+04 3.880211e-17
1.654820e+04 2.778709e-17
1.910950e+04 1.931238e-17
2.206730e+04 1.381218e-17
2.548300e+04 9.802859e-18
2.942730e+04 6.896724e-18
3.398210e+04 4.683947e-18
3.924190e+04 3.284241e-18
4.531580e+04 2.281387e-18
5.232990e+04 1.567966e-18
6.042960e+04 1.032386e-18
6.978310e+04 7.051904e-19
8.058420e+04 4.761802e-19
9.305720e+04 3.173335e-19
1.074610e+05 2.003447e-19
1.240940e+05 1.321987e-19
1.433010e+05 8.598773e-20
1.654820e+05 5.501246e-20
1.910950e+05 3.279135e-20
2.206730e+05 2.066727e-20
2.548300e+05 1.279208e-20
2.942730e+05 7.753315e-21
3.398210e+05 4.267100e-21
3.924190e+05 2.530132e-21
4.531580e+05 1.466146e-21
5.232990e+05 8.271588e-22
6.042960e+05 4.068196e-22
6.978310e+05 2.223359e-22
8.058420e+05 1.180346e-22
9.305720e+05 6.055978e-23
1.074610e+06 2.534327e-23
1.240940e+06 1.241579e-23
1.433010e+06 5.865497e-24
1.654820e+06 2.653769e-24
1.910950e+06 8.750366e-25
2.206730e+06 3.692497e-25
2.548300e+06 1.490257e-25
2.942730e+06 5.706796e-26
3.398210e+06 1.299788e-26
3.924190e+06 4.429455e-27
4.531580e+06 1.431363e-27
5.232990e+06 4.396156e-28
6.042960e+06 5.498468e-29
6.978310e+06 1.345738e-29
8.058420e+06 3.048012e-30
9.305720e+06 6.703555e-31
1.074610e+07 3.483190e-32
1.240940e+07 4.971153e-33
1.433010e+07 5.995048e-34
1.654820e+07 7.007630e-35
1.910950e+07 1.115649e-36
2.206730e+07 6.489447e-38
2.548300e+07 2.581413e-39
2.942730e+07 8.071717e-41
3.398210e+07 2.341946e-43
3.924190e+07 3.049609e-45
4.531580e+07 1.836166e-47
5.232990e+07 4.932625e-50
6.042960e+07 8.955399e-54
6.978310e+07 5.193921e-57
8.058420e+07 6.794173e-61
9.305720e+07 0.000000e+00
