Ev [GeV]   dN_dEv [s^-1 GeV^-1]
3.398210e-02 2.583381e-09
3.924190e-02 2.487717e-09
4.531580e-02 2.359922e-09
5.232990e-02 2.211776e-09
6.042960e-02 2.029369e-09
6.978310e-02 1.816780e-09
8.058420e-02 1.577949e-09
9.305720e-02 1.321193e-09
1.074610e-01 1.059619e-09
1.240940e-01 8.373103e-10
1.433010e-01 6.500847e-10
1.654820e-01 4.972206e-10
1.910950e-01 3.705295e-10
2.206730e-01 2.789394e-10
2.548300e-01 2.082421e-10
2.942730e-01 1.542333e-10
3.398210e-01 1.125955e-10
3.924190e-01 8.373040e-11
4.531580e-01 6.212305e-11
5.232990e-01 4.599966e-11
6.042960e-01 3.380999e-11
6.978310e-01 2.532125e-11
8.058420e-01 1.895153e-11
9.305720e-01 1.416391e-11
1.074610e+00 1.047159e-11
1.240940e+00 7.892513e-12
1.433010e+00 5.936030e-12
1.654820e+00 4.453360e-12
1.910950e+00 3.298654e-12
2.206730e+00 2.491567e-12
2.548300e+00 1.877071e-12
2.942730e+00 1.410002e-12
3.398210e+00 1.045501e-12
3.924190e+00 7.895592e-13
4.531580e+00 5.943229e-13
5.232990e+00 4.457630e-13
6.042960e+00 3.302310e-13
6.978310e+00 2.490511e-13
8.058420e+00 1.873570e-13
9.305720e+00 1.405837e-13
1.074610e+01 1.043206e-13
1.240940e+01 7.883659e-14
1.433010e+01 5.943401e-14
1.654820e+01 4.467783e-14
1.910950e+01 3.312857e-14
2.206730e+01 2.503468e-14
2.548300e+01 1.886259e-14
2.942730e+01 1.416841e-14
3.398210e+01 1.048541e-14
3.924190e+01 7.922314e-15
4.531580e+01 5.971812e-15
5.232990e+01 4.489740e-15
6.042960e+01 3.324839e-15
6.978310e+01 2.515725e-15
8.058420e+01 1.899110e-15
9.305720e+01 1.429679e-15
1.074610e+02 1.059198e-15
1.240940e+02 8.017353e-16
1.433010e+02 6.052258e-16
1.654820e+02 4.554592e-16
1.910950e+02 3.370842e-16
2.206730e+02 2.549263e-16
2.548300e+02 1.922468e-16
2.942730e+02 1.445115e-16
3.398210e+02 1.067918e-16
3.924190e+02 8.066113e-17
4.531580e+02 6.074418e-17
5.232990e+02 4.559196e-17
6.042960e+02 3.362681e-17
6.978310e+02 2.535512e-17
8.058420e+02 1.905861e-17
9.305720e+02 1.427517e-17
1.074610e+03 1.050174e-17
1.240940e+03 7.900114e-18
1.433010e+03 5.923224e-18
1.654820e+03 4.424215e-18
1.910950e+03 3.243545e-18
2.206730e+03 2.432331e-18
2.548300e+03 1.817417e-18
2.942730e+03 1.352394e-18
3.398210e+03 9.868593e-19
3.924190e+03 7.369091e-19
4.531580e+03 5.480674e-19
5.232990e+03 4.057774e-19
6.042960e+03 2.942372e-19
6.978310e+03 2.184626e-19
8.058420e+03 1.614735e-19
9.305720e+03 1.187442e-19
1.074610e+04 8.537379e-20
1.240940e+04 6.290666e-20
1.433010e+04 4.611339e-20
1.654820e+04 3.360589e-20
1.910950e+04 2.388794e-20
2.206730e+04 1.742419e-20
2.548300e+04 1.263323e-20
2.942730e+04 9.097318e-21
3.398210e+04 6.368705e-21
3.924190e+04 4.583698e-21
4.531580e+04 3.275555e-21
5.232990e+04 2.321861e-21
6.042960e+04 1.592650e-21
6.978310e+04 1.126248e-21
8.058420e+04 7.896161e-22
9.305720e+04 5.482174e-22
1.074610e+05 3.659154e-22
1.240940e+05 2.528278e-22
1.433010e+05 1.728647e-22
1.654820e+05 1.167813e-22
1.910950e+05 7.513488e-23
2.206730e+05 5.035158e-23
2.548300e+05 3.330617e-23
2.942730e+05 2.170469e-23
3.398210e+05 1.328395e-23
3.924190e+05 8.549858e-24
4.531580e+05 5.413756e-24
5.232990e+05 3.364058e-24
6.042960e+05 1.922209e-24
6.978310e+05 1.172661e-24
8.058420e+05 7.007860e-25
9.305720e+05 4.088908e-25
1.074610e+06 2.122668e-25
1.240940e+06 1.205873e-25
1.433010e+06 6.674051e-26
1.654820e+06 3.582712e-26
1.910950e+06 1.622931e-26
2.206730e+06 8.381968e-27
2.548300e+06 4.189241e-27
2.942730e+06 2.014041e-27
3.398210e+06 7.483176e-28
3.924190e+06 3.398342e-28
4.531580e+06 1.481626e-28
5.232990e+06 6.153410e-29
6.042960e+06 1.694763e-29
6.978310e+06 6.433753e-30
8.058420e+06 2.325726e-30
9.305720e+06 7.961508e-31
1.074610e+07 1.356409e-31
1.240940e+07 3.939973e-32
1.433010e+07 1.076052e-32
1.654820e+07 2.820577e-33
1.910950e+07 2.264109e-34
2.206730e+07 4.284254e-35
2.548300e+07 7.241792e-36
2.942730e+07 1.199157e-36
3.398210e+07 3.445110e-38
3.924190e+07 3.209781e-39
4.531580e+07 2.289870e-40
5.232990e+07 1.481561e-41
6.042960e+07 1.013358e-43
6.978310e+07 2.801530e-45
8.058420e+07 3.354626e-47
9.305720e+07 0.000000e+00
