Ev [GeV]   dN_dEv [s^-1 GeV^-1]
3.398210e-02 2.783662e-09
3.924190e-02 2.680582e-09
4.531580e-02 2.542880e-09
5.232990e-02 2.383248e-09
6.042960e-02 2.186699e-09
6.978310e-02 1.957629e-09
8.058420e-02 1.700282e-09
9.305720e-02 1.423621e-09
1.074610e-01 1.141767e-09
1.240940e-01 9.022243e-10
1.433010e-01 7.004837e-10
1.654820e-01 5.357685e-10
1.910950e-01 3.992554e-10
2.206730e-01 3.005647e-10
2.548300e-01 2.243865e-10
2.942730e-01 1.661906e-10
3.398210e-01 1.213246e-10
3.924190e-01 9.022175e-11
4.531580e-01 6.693925e-11
5.232990e-01 4.956586e-11
6.042960e-01 3.643117e-11
6.978310e-01 2.728432e-11
8.058420e-01 2.042078e-11
9.305720e-01 1.526199e-11
1.074610e+00 1.128342e-11
1.240940e+00 8.504394e-12
1.433010e+00 6.396231e-12
1.654820e+00 4.798615e-12
1.910950e+00 3.554388e-12
2.206730e+00 2.684730e-12
2.548300e+00 2.022594e-12
2.942730e+00 1.519315e-12
3.398210e+00 1.126555e-12
3.924190e+00 8.507712e-13
4.531580e+00 6.403988e-13
5.232990e+00 4.803216e-13
6.042960e+00 3.558327e-13
6.978310e+00 2.683592e-13
8.058420e+00 2.018822e-13
9.305720e+00 1.514827e-13
1.074610e+01 1.124082e-13
1.240940e+01 8.494854e-14
1.433010e+01 6.404174e-14
1.654820e+01 4.814155e-14
1.910950e+01 3.569692e-14
2.206730e+01 2.697554e-14
2.548300e+01 2.032494e-14
2.942730e+01 1.526684e-14
3.398210e+01 1.129831e-14
3.924190e+01 8.536505e-15
4.531580e+01 6.434787e-15
5.232990e+01 4.837815e-15
6.042960e+01 3.582603e-15
6.978310e+01 2.710761e-15
8.058420e+01 2.046342e-15
9.305720e+01 1.540517e-15
1.074610e+02 1.141314e-15
1.240940e+02 8.638912e-16
1.433010e+02 6.521470e-16
1.654820e+02 4.907694e-16
1.910950e+02 3.632172e-16
2.206730e+02 2.746899e-16
2.548300e+02 2.071511e-16
2.942730e+02 1.557150e-16
3.398210e+02 1.150711e-16
3.924190e+02 8.691453e-17
4.531580e+02 6.545348e-17
5.232990e+02 4.912656e-17
6.042960e+02 3.623378e-17
6.978310e+02 2.732082e-17
8.058420e+02 2.053616e-17
9.305720e+02 1.538187e-17
1.074610e+03 1.131591e-17
1.240940e+03 8.512584e-18
1.433010e+03 6.382432e-18
1.654820e+03 4.767210e-18
1.910950e+03 3.495007e-18
2.206730e+03 2.620902e-18
2.548300e+03 1.958315e-18
2.942730e+03 1.457240e-18
3.398210e+03 1.063367e-18
3.924190e+03 7.940393e-19
4.531580e+03 5.905573e-19
5.232990e+03 4.372360e-19
6.042960e+03 3.170485e-19
6.978310e+03 2.353993e-19
8.058420e+03 1.739921e-19
9.305720e+03 1.279501e-19
1.074610e+04 9.199254e-20
1.240940e+04 6.778361e-20
1.433010e+04 4.968841e-20
1.654820e+04 3.621124e-20
1.910950e+04 2.573990e-20
2.206730e+04 1.877503e-20
2.548300e+04 1.361264e-20
2.942730e+04 9.802604e-21
3.398210e+04 6.862450e-21
3.924190e+04 4.939057e-21
4.531580e+04 3.529498e-21
5.232990e+04 2.501868e-21
6.042960e+04 1.716123e-21
6.978310e+04 1.213563e-21
8.058420e+04 8.508325e-22
9.305720e+04 5.907189e-22
1.074610e+05 3.942837e-22
1.240940e+05 2.724287e-22
1.433010e+05 1.862664e-22
1.654820e+05 1.258349e-22
1.910950e+05 8.095985e-23
2.206730e+05 5.425518e-23
2.548300e+05 3.588829e-23
2.942730e+05 2.338738e-23
3.398210e+05 1.431381e-23
3.924190e+05 9.212701e-24
4.531580e+05 5.833467e-24
5.232990e+05 3.624862e-24
6.042960e+05 2.071232e-24
6.978310e+05 1.263574e-24
8.058420e+05 7.551157e-25
9.305720e+05 4.405907e-25
1.074610e+06 2.287231e-25
1.240940e+06 1.299361e-25
1.433010e+06 7.191469e-26
1.654820e+06 3.860468e-26
1.910950e+06 1.748752e-26
2.206730e+06 9.031795e-27
2.548300e+06 4.514020e-27
2.942730e+06 2.170183e-27
3.398210e+06 8.063322e-28
3.924190e+06 3.661805e-28
4.531580e+06 1.596492e-28
5.232990e+06 6.630464e-29
6.042960e+06 1.826152e-29
6.978310e+06 6.932541e-30
8.058420e+06 2.506032e-30
9.305720e+06 8.578738e-31
1.074610e+07 1.461567e-31
1.240940e+07 4.245426e-32
1.433010e+07 1.159475e-32
1.654820e+07 3.039247e-33
1.910950e+07 2.439638e-34
2.206730e+07 4.616399e-35
2.548300e+07 7.803225e-36
2.942730e+07 1.292124e-36
3.398210e+07 3.712198e-38
3.924190e+07 3.458625e-39
4.531580e+07 2.467396e-40
5.232990e+07 1.596422e-41
6.042960e+07 1.091921e-43
6.978310e+07 3.018724e-45
8.058420e+07 3.614700e-47
9.305720e+07 0.000000e+00
