Ev [GeV]   dN_dEv [s^-1 GeV^-1]
3.398210e-02 4.404992e-06
3.924190e-02 4.236763e-06
4.531580e-02 4.013369e-06
5.232990e-02 3.754267e-06
6.042960e-02 3.433011e-06
6.978310e-02 3.062858e-06
8.058420e-02 2.648181e-06
9.305720e-02 2.204373e-06
1.074610e-01 1.749270e-06
1.240940e-01 1.373241e-06
1.433010e-01 1.059925e-06
1.654820e-01 8.064444e-07
1.910950e-01 5.966577e-07
2.206730e-01 4.481316e-07
2.548300e-01 3.341433e-07
2.942730e-01 2.473581e-07
3.398210e-01 1.805278e-07
3.924190e-01 1.342370e-07
4.531580e-01 9.958907e-08
5.232990e-01 7.373638e-08
6.042960e-01 5.419311e-08
6.978310e-01 4.058444e-08
8.058420e-01 3.037342e-08
9.305720e-01 2.269902e-08
1.074610e+00 1.678059e-08
1.240940e+00 1.264688e-08
1.433010e+00 9.511173e-09
1.654820e+00 7.135024e-09
1.910950e+00 5.284551e-09
2.206730e+00 3.991245e-09
2.548300e+00 3.006627e-09
2.942730e+00 2.258280e-09
3.398210e+00 1.674296e-09
3.924190e+00 1.264283e-09
4.531580e+00 9.515512e-10
5.232990e+00 7.136005e-10
6.042960e+00 5.285670e-10
6.978310e+00 3.985684e-10
8.058420e+00 2.997846e-10
9.305720e+00 2.249017e-10
1.074610e+01 1.668519e-10
1.240940e+01 1.260652e-10
1.433010e+01 9.501618e-11
1.654820e+01 7.140671e-11
1.910950e+01 5.293074e-11
2.206730e+01 3.998631e-11
2.548300e+01 3.011740e-11
2.942730e+01 2.261345e-11
3.398210e+01 1.672707e-11
3.924190e+01 1.263240e-11
4.531580e+01 9.517354e-12
5.232990e+01 7.151225e-12
6.042960e+01 5.291989e-12
6.978310e+01 4.001438e-12
8.058420e+01 3.018403e-12
9.305720e+01 2.270401e-12
1.074610e+02 1.680298e-12
1.240940e+02 1.270607e-12
1.433010e+02 9.581213e-13
1.654820e+02 7.201483e-13
1.910950e+02 5.321586e-13
2.206730e+02 4.018741e-13
2.548300e+02 3.025772e-13
2.942730e+02 2.270401e-13
3.398210e+02 1.674041e-13
3.924190e+02 1.261775e-13
4.531580e+02 9.480148e-14
5.232990e+02 7.097060e-14
6.042960e+02 5.217611e-14
6.978310e+02 3.922359e-14
8.058420e+02 2.938550e-14
9.305720e+02 2.192958e-14
1.074610e+03 1.605873e-14
1.240940e+03 1.202926e-14
1.433010e+03 8.977146e-15
1.654820e+03 6.670899e-15
1.910950e+03 4.859131e-15
2.206730e+03 3.622401e-15
2.548300e+03 2.689175e-15
2.942730e+03 1.986919e-15
3.398210e+03 1.436941e-15
3.924190e+03 1.064331e-15
4.531580e+03 7.846078e-16
5.232990e+03 5.752980e-16
6.042960e+03 4.120701e-16
6.978310e+03 3.026048e-16
8.058420e+03 2.210037e-16
9.305720e+03 1.604086e-16
1.074610e+04 1.134233e-16
1.240940e+04 8.234981e-17
1.433010e+04 5.940579e-17
1.654820e+04 4.254187e-17
1.910950e+04 2.956714e-17
2.206730e+04 2.114637e-17
2.548300e+04 1.500812e-17
2.942730e+04 1.055884e-17
3.398210e+04 7.171094e-18
3.924190e+04 5.028152e-18
4.531580e+04 3.492789e-18
5.232990e+04 2.400546e-18
6.042960e+04 1.580577e-18
6.978310e+04 1.079642e-18
8.058420e+04 7.290289e-19
9.305720e+04 4.858356e-19
1.074610e+05 3.067266e-19
1.240940e+05 2.023954e-19
1.433010e+05 1.316467e-19
1.654820e+05 8.422373e-20
1.910950e+05 5.020336e-20
2.206730e+05 3.164147e-20
2.548300e+05 1.958459e-20
2.942730e+05 1.187028e-20
3.398210e+05 6.532903e-21
3.924190e+05 3.873617e-21
4.531580e+05 2.244661e-21
5.232990e+05 1.266375e-21
6.042960e+05 6.228382e-22
6.978310e+05 3.403948e-22
8.058420e+05 1.807103e-22
9.305720e+05 9.271664e-23
1.074610e+06 3.880039e-23
1.240940e+06 1.900850e-23
1.433010e+06 8.980039e-24
1.654820e+06 4.062903e-24
1.910950e+06 1.339676e-24
2.206730e+06 5.653189e-25
2.548300e+06 2.281575e-25
2.942730e+06 8.737070e-26
3.398210e+06 1.989967e-26
3.924190e+06 6.781468e-27
4.531580e+06 2.191408e-27
5.232990e+06 6.730488e-28
6.042960e+06 8.418120e-29
6.978310e+06 2.060316e-29
8.058420e+06 4.666487e-30
9.305720e+06 1.026310e-30
1.074610e+07 5.332742e-32
1.240940e+07 7.610805e-33
1.433010e+07 9.178381e-34
1.654820e+07 1.072864e-34
1.910950e+07 1.708052e-36
2.206730e+07 9.935302e-38
2.548300e+07 3.952128e-39
2.942730e+07 1.235775e-40
3.398210e+07 3.585504e-43
3.924190e+07 4.668932e-45
4.531580e+07 2.811159e-47
5.232990e+07 7.551819e-50
6.042960e+07 1.371066e-53
6.978310e+07 7.951861e-57
8.058420e+07 1.040184e-60
9.305720e+07 0.000000e+00
