Ev [GeV]   dN_dEv [s^-1 GeV^-1]
3.398210e-02 3.547483e-07
3.924190e-02 3.412002e-07
4.531580e-02 3.232096e-07
5.232990e-02 3.023433e-07
6.042960e-02 2.764715e-07
6.978310e-02 2.466619e-07
8.058420e-02 2.132666e-07
9.305720e-02 1.775253e-07
1.074610e-01 1.408744e-07
1.240940e-01 1.105915e-07
1.433010e-01 8.535919e-08
1.654820e-01 6.494558e-08
1.910950e-01 4.805078e-08
2.206730e-01 3.608949e-08
2.548300e-01 2.690964e-08
2.942730e-01 1.992055e-08
3.398210e-01 1.453848e-08
3.924190e-01 1.081054e-08
4.531580e-01 8.020230e-09
5.232990e-01 5.938229e-09
6.042960e-01 4.364346e-09
6.978310e-01 3.268396e-09
8.058420e-01 2.446070e-09
9.305720e-01 1.828025e-09
1.074610e+00 1.351396e-09
1.240940e+00 1.018494e-09
1.433010e+00 7.659655e-10
1.654820e+00 5.746066e-10
1.910950e+00 4.255820e-10
2.206730e+00 3.214279e-10
2.548300e+00 2.421334e-10
2.942730e+00 1.818666e-10
3.398210e+00 1.348365e-10
3.924190e+00 1.018168e-10
4.531580e+00 7.663150e-11
5.232990e+00 5.746856e-11
6.042960e+00 4.256721e-11
6.978310e+00 3.209800e-11
8.058420e+00 2.414262e-11
9.305720e+00 1.811206e-11
1.074610e+01 1.343713e-11
1.240940e+01 1.015244e-11
1.433010e+01 7.651960e-12
1.654820e+01 5.750614e-12
1.910950e+01 4.262684e-12
2.206730e+01 3.220227e-12
2.548300e+01 2.425452e-12
2.942730e+01 1.821134e-12
3.398210e+01 1.347085e-12
3.924190e+01 1.017328e-12
4.531580e+01 7.664633e-13
5.232990e+01 5.759113e-13
6.042960e+01 4.261810e-13
6.978310e+01 3.222487e-13
8.058420e+01 2.430818e-13
9.305720e+01 1.828427e-13
1.074610e+02 1.353198e-13
1.240940e+02 1.023261e-13
1.433010e+02 7.716061e-14
1.654820e+02 5.799587e-14
1.910950e+02 4.285645e-14
2.206730e+02 3.236422e-14
2.548300e+02 2.436752e-14
2.942730e+02 1.828427e-14
3.398210e+02 1.348159e-14
3.924190e+02 1.016148e-14
4.531580e+02 7.634670e-15
5.232990e+02 5.715492e-15
6.042960e+02 4.201911e-15
6.978310e+02 3.158803e-15
8.058420e+02 2.366509e-15
9.305720e+02 1.766060e-15
1.074610e+03 1.293261e-15
1.240940e+03 9.687553e-16
1.433010e+03 7.229587e-16
1.654820e+03 5.372291e-16
1.910950e+03 3.913215e-16
2.206730e+03 2.917236e-16
2.548300e+03 2.165680e-16
2.942730e+03 1.600130e-16
3.398210e+03 1.157215e-16
3.924190e+03 8.571401e-17
4.531580e+03 6.318701e-17
5.232990e+03 4.633061e-17
6.042960e+03 3.318534e-17
6.978310e+03 2.436974e-17
8.058420e+03 1.779815e-17
9.305720e+03 1.291822e-17
1.074610e+04 9.134344e-18
1.240940e+04 6.631897e-18
1.433010e+04 4.784141e-18
1.654820e+04 3.426034e-18
1.910950e+04 2.381137e-18
2.206730e+04 1.702985e-18
2.548300e+04 1.208652e-18
2.942730e+04 8.503376e-19
3.398210e+04 5.775114e-19
3.924190e+04 4.049334e-19
4.531580e+04 2.812856e-19
5.232990e+04 1.933237e-19
6.042960e+04 1.272890e-19
6.978310e+04 8.694708e-20
8.058420e+04 5.871106e-20
9.305720e+04 3.912591e-20
1.074610e+05 2.470168e-20
1.240940e+05 1.629955e-20
1.433010e+05 1.060193e-20
1.654820e+05 6.782810e-21
1.910950e+05 4.043039e-21
2.206730e+05 2.548190e-21
2.548300e+05 1.577211e-21
2.942730e+05 9.559518e-22
3.398210e+05 5.261158e-22
3.924190e+05 3.119549e-22
4.531580e+05 1.807698e-22
5.232990e+05 1.019853e-22
6.042960e+05 5.015918e-23
6.978310e+05 2.741310e-23
8.058420e+05 1.455318e-23
9.305720e+05 7.466771e-24
1.074610e+06 3.124721e-24
1.240940e+06 1.530816e-24
1.433010e+06 7.231916e-25
1.654820e+06 3.271987e-25
1.910950e+06 1.078884e-25
2.206730e+06 4.552696e-26
2.548300e+06 1.837426e-26
2.942730e+06 7.036245e-27
3.398210e+06 1.602585e-27
3.924190e+06 5.461336e-28
4.531580e+06 1.764812e-28
5.232990e+06 5.420280e-29
6.042960e+06 6.779385e-30
6.978310e+06 1.659239e-30
8.058420e+06 3.758073e-31
9.305720e+06 8.265207e-32
1.074610e+07 4.294630e-33
1.240940e+07 6.129227e-34
1.433010e+07 7.391648e-35
1.654820e+07 8.640119e-36
1.910950e+07 1.375549e-37
2.206730e+07 8.001220e-39
2.548300e+07 3.182776e-40
2.942730e+07 9.952095e-42
3.398210e+07 2.887522e-44
3.924190e+07 3.760042e-46
4.531580e+07 2.263918e-48
5.232990e+07 6.081724e-51
6.042960e+07 1.104164e-54
6.978310e+07 6.403891e-58
8.058420e+07 8.376936e-62
9.305720e+07 0.000000e+00
