Ev [GeV]   dN_dEv [s^-1 GeV^-1]
3.398210e-02 1.728908e-07
3.924190e-02 1.662880e-07
4.531580e-02 1.575201e-07
5.232990e-02 1.473506e-07
6.042960e-02 1.347417e-07
6.978310e-02 1.202136e-07
8.058420e-02 1.039380e-07
9.305720e-02 8.651908e-08
1.074610e-01 6.865682e-08
1.240940e-01 5.389810e-08
1.433010e-01 4.160083e-08
1.654820e-01 3.165201e-08
1.910950e-01 2.341813e-08
2.206730e-01 1.758865e-08
2.548300e-01 1.311474e-08
2.942730e-01 9.708520e-09
3.398210e-01 7.085506e-09
3.924190e-01 5.268647e-09
4.531580e-01 3.908756e-09
5.232990e-01 2.894067e-09
6.042960e-01 2.127017e-09
6.978310e-01 1.592892e-09
8.058420e-01 1.192122e-09
9.305720e-01 8.909101e-10
1.074610e+00 6.586189e-10
1.240940e+00 4.963753e-10
1.433010e+00 3.733025e-10
1.654820e+00 2.800414e-10
1.910950e+00 2.074125e-10
2.206730e+00 1.566518e-10
2.548300e+00 1.180066e-10
2.942730e+00 8.863487e-11
3.398210e+00 6.571417e-11
3.924190e+00 4.962165e-11
4.531580e+00 3.734728e-11
5.232990e+00 2.800800e-11
6.042960e+00 2.074564e-11
6.978310e+00 1.564335e-11
8.058420e+00 1.176620e-11
9.305720e+00 8.827132e-12
1.074610e+01 6.548746e-12
1.240940e+01 4.947913e-12
1.433010e+01 3.729275e-12
1.654820e+01 2.802631e-12
1.910950e+01 2.077470e-12
2.206730e+01 1.569417e-12
2.548300e+01 1.182073e-12
2.942730e+01 8.875516e-13
3.398210e+01 6.565180e-13
3.924190e+01 4.958070e-13
4.531580e+01 3.735451e-13
5.232990e+01 2.806773e-13
6.042960e+01 2.077045e-13
6.978310e+01 1.570518e-13
8.058420e+01 1.184688e-13
9.305720e+01 8.911061e-14
1.074610e+02 6.594974e-14
1.240940e+02 4.986985e-14
1.433010e+02 3.760515e-14
1.654820e+02 2.826499e-14
1.910950e+02 2.088661e-14
2.206730e+02 1.577309e-14
2.548300e+02 1.187581e-14
2.942730e+02 8.911061e-15
3.398210e+02 6.570417e-15
3.924190e+02 4.952319e-15
4.531580e+02 3.720848e-15
5.232990e+02 2.785514e-15
6.042960e+02 2.047852e-15
6.978310e+02 1.539481e-15
8.058420e+02 1.153347e-15
9.305720e+02 8.607106e-16
1.074610e+03 6.302865e-16
1.240940e+03 4.721346e-16
1.433010e+03 3.523426e-16
1.654820e+03 2.618251e-16
1.910950e+03 1.907153e-16
2.206730e+03 1.421750e-16
2.548300e+03 1.055470e-16
2.942730e+03 7.798428e-17
3.398210e+03 5.639827e-17
3.924190e+03 4.177376e-17
4.531580e+03 3.079495e-17
5.232990e+03 2.257978e-17
6.042960e+03 1.617328e-17
6.978310e+03 1.187689e-17
8.058420e+03 8.674141e-18
9.305720e+03 6.295851e-18
1.074610e+04 4.451733e-18
1.240940e+04 3.232135e-18
1.433010e+04 2.331609e-18
1.654820e+04 1.669719e-18
1.910950e+04 1.160476e-18
2.206730e+04 8.299704e-19
2.548300e+04 5.890512e-19
2.942730e+04 4.144223e-19
3.398210e+04 2.814571e-19
3.924190e+04 1.973492e-19
4.531580e+04 1.370879e-19
5.232990e+04 9.421865e-20
6.042960e+04 6.203583e-20
6.978310e+04 4.237471e-20
8.058420e+04 2.861354e-20
9.305720e+04 1.906849e-20
1.074610e+05 1.203866e-20
1.240940e+05 7.943783e-21
1.433010e+05 5.166980e-21
1.654820e+05 3.305684e-21
1.910950e+05 1.970424e-21
2.206730e+05 1.241891e-21
2.548300e+05 7.686726e-22
2.942730e+05 4.658946e-22
3.398210e+05 2.564089e-22
3.924190e+05 1.520350e-22
4.531580e+05 8.810035e-23
5.232990e+05 4.970375e-23
6.042960e+05 2.444568e-23
6.978310e+05 1.336010e-23
8.058420e+05 7.092669e-24
9.305720e+05 3.639021e-24
1.074610e+06 1.522870e-24
1.240940e+06 7.460618e-25
1.433010e+06 3.524561e-25
1.654820e+06 1.594643e-25
1.910950e+06 5.258072e-26
2.206730e+06 2.218811e-26
2.548300e+06 8.954917e-27
2.942730e+06 3.429199e-27
3.398210e+06 7.810389e-28
3.924190e+06 2.661648e-28
4.531580e+06 8.601024e-29
5.232990e+06 2.641639e-29
6.042960e+06 3.304015e-30
6.978310e+06 8.086503e-31
8.058420e+06 1.831542e-31
9.305720e+06 4.028148e-32
1.074610e+07 2.093040e-33
1.240940e+07 2.987153e-34
1.433010e+07 3.602409e-35
1.654820e+07 4.210866e-36
1.910950e+07 6.703906e-38
2.206730e+07 3.899491e-39
2.548300e+07 1.551164e-40
2.942730e+07 4.850273e-42
3.398210e+07 1.407269e-44
3.924190e+07 1.832502e-46
4.531580e+07 1.103348e-48
5.232990e+07 2.964001e-51
6.042960e+07 5.381276e-55
6.978310e+07 3.121013e-58
8.058420e+07 4.082601e-62
9.305720e+07 0.000000e+00
