Ev [GeV]   dN_dEv [s^-1 GeV^-1]
3.398210e-02 2.688722e-07
3.924190e-02 2.586038e-07
4.531580e-02 2.449683e-07
5.232990e-02 2.291532e-07
6.042960e-02 2.095443e-07
6.978310e-02 1.869509e-07
8.058420e-02 1.616398e-07
9.305720e-02 1.345506e-07
1.074610e-01 1.067720e-07
1.240940e-01 8.381994e-08
1.433010e-01 6.469577e-08
1.654820e-01 4.922381e-08
1.910950e-01 3.641883e-08
2.206730e-01 2.735309e-08
2.548300e-01 2.039546e-08
2.942730e-01 1.509826e-08
3.398210e-01 1.101906e-08
3.924190e-01 8.193567e-09
4.531580e-01 6.078724e-09
5.232990e-01 4.500726e-09
6.042960e-01 3.307842e-09
6.978310e-01 2.477196e-09
8.058420e-01 1.853935e-09
9.305720e-01 1.385504e-09
1.074610e+00 1.024255e-09
1.240940e+00 7.719409e-10
1.433010e+00 5.805436e-10
1.654820e+00 4.355080e-10
1.910950e+00 3.225588e-10
2.206730e+00 2.436179e-10
2.548300e+00 1.835187e-10
2.942730e+00 1.378410e-10
3.398210e+00 1.021958e-10
3.924190e+00 7.716939e-11
4.531580e+00 5.808084e-11
5.232990e+00 4.355679e-11
6.042960e+00 3.226271e-11
6.978310e+00 2.432784e-11
8.058420e+00 1.829827e-11
9.305720e+00 1.372756e-11
1.074610e+01 1.018432e-11
1.240940e+01 7.694776e-12
1.433010e+01 5.799603e-12
1.654820e+01 4.358527e-12
1.910950e+01 3.230790e-12
2.206730e+01 2.440687e-12
2.548300e+01 1.838308e-12
2.942730e+01 1.380281e-12
3.398210e+01 1.020988e-12
3.924190e+01 7.710571e-13
4.531580e+01 5.809209e-13
5.232990e+01 4.364969e-13
6.042960e+01 3.230128e-13
6.978310e+01 2.442400e-13
8.058420e+01 1.842375e-13
9.305720e+01 1.385809e-13
1.074610e+02 1.025621e-13
1.240940e+02 7.755539e-14
1.433010e+02 5.848187e-14
1.654820e+02 4.395645e-14
1.910950e+02 3.248193e-14
2.206730e+02 2.452962e-14
2.548300e+02 1.846873e-14
2.942730e+02 1.385809e-14
3.398210e+02 1.021802e-14
3.924190e+02 7.701627e-15
4.531580e+02 5.786498e-15
5.232990e+02 4.331908e-15
6.042960e+02 3.184729e-15
6.978310e+02 2.394132e-15
8.058420e+02 1.793634e-15
9.305720e+02 1.338539e-15
1.074610e+03 9.801937e-16
1.240940e+03 7.342428e-16
1.433010e+03 5.479476e-16
1.654820e+03 4.071788e-16
1.910950e+03 2.965919e-16
2.206730e+03 2.211043e-16
2.548300e+03 1.641421e-16
2.942730e+03 1.212777e-16
3.398210e+03 8.770809e-17
3.924190e+03 6.496470e-17
4.531580e+03 4.789094e-17
5.232990e+03 3.511508e-17
6.042960e+03 2.515196e-17
6.978310e+03 1.847041e-17
8.058420e+03 1.348964e-17
9.305720e+03 9.791028e-18
1.074610e+04 6.923137e-18
1.240940e+04 5.026473e-18
1.433010e+04 3.626014e-18
1.654820e+04 2.596673e-18
1.910950e+04 1.804721e-18
2.206730e+04 1.290733e-18
2.548300e+04 9.160663e-19
2.942730e+04 6.444912e-19
3.398210e+04 4.377097e-19
3.924190e+04 3.069087e-19
4.531580e+04 2.131931e-19
5.232990e+04 1.465247e-19
6.042960e+04 9.647537e-20
6.978310e+04 6.589927e-20
8.058420e+04 4.449851e-20
9.305720e+04 2.965446e-20
1.074610e+05 1.872199e-20
1.240940e+05 1.235382e-20
1.433010e+05 8.035458e-21
1.654820e+05 5.140853e-21
1.910950e+05 3.064316e-21
2.206730e+05 1.931334e-21
2.548300e+05 1.195406e-21
2.942730e+05 7.245387e-22
3.398210e+05 3.987558e-22
3.924190e+05 2.364381e-22
4.531580e+05 1.370098e-22
5.232990e+05 7.729708e-23
6.042960e+05 3.801684e-23
6.978310e+05 2.077704e-23
8.058420e+05 1.103020e-23
9.305720e+05 5.659244e-24
1.074610e+06 2.368301e-24
1.240940e+06 1.160242e-24
1.433010e+06 5.481242e-25
1.654820e+06 2.479917e-25
1.910950e+06 8.177120e-26
2.206730e+06 3.450597e-26
2.548300e+06 1.392629e-26
2.942730e+06 5.332938e-27
3.398210e+06 1.214637e-27
3.924190e+06 4.139277e-28
4.531580e+06 1.337593e-28
5.232990e+06 4.108160e-29
6.042960e+06 5.138258e-30
6.978310e+06 1.257577e-30
8.058420e+06 2.848334e-31
9.305720e+06 6.264398e-32
1.074610e+07 3.255003e-33
1.240940e+07 4.645488e-34
1.433010e+07 5.602306e-35
1.654820e+07 6.548552e-36
1.910950e+07 1.042562e-37
2.206730e+07 6.064316e-39
2.548300e+07 2.412302e-40
2.942730e+07 7.542930e-42
3.398210e+07 2.188522e-44
3.924190e+07 2.849826e-46
4.531580e+07 1.715877e-48
5.232990e+07 4.609484e-51
6.042960e+07 8.368722e-55
6.978310e+07 4.853662e-58
8.058420e+07 6.349080e-62
9.305720e+07 0.000000e+00
