Ev [GeV]   dN_dEv [s^-1 GeV^-1]
3.398210e-02 1.019277e-08
3.924190e-02 9.815324e-09
4.531580e-02 9.311107e-09
5.232990e-02 8.726595e-09
6.042960e-02 8.006904e-09
6.978310e-02 7.168131e-09
8.058420e-02 6.225819e-09
9.305720e-02 5.212787e-09
1.074610e-01 4.180740e-09
1.240940e-01 3.303620e-09
1.433010e-01 2.564918e-09
1.654820e-01 1.961791e-09
1.910950e-01 1.461929e-09
2.206730e-01 1.100559e-09
2.548300e-01 8.216222e-10
2.942730e-01 6.085299e-10
3.398210e-01 4.442470e-10
3.924190e-01 3.303595e-10
4.531580e-01 2.451074e-10
5.232990e-01 1.814923e-10
6.042960e-01 1.333978e-10
6.978310e-01 9.990533e-11
8.058420e-01 7.477353e-11
9.305720e-01 5.588390e-11
1.074610e+00 4.131580e-11
1.240940e+00 3.114002e-11
1.433010e+00 2.342069e-11
1.654820e+00 1.757080e-11
1.910950e+00 1.301489e-11
2.206730e+00 9.830514e-12
2.548300e+00 7.406009e-12
2.942730e+00 5.563183e-12
3.398210e+00 4.125037e-12
3.924190e+00 3.115217e-12
4.531580e+00 2.344909e-12
5.232990e+00 1.758764e-12
6.042960e+00 1.302931e-12
6.978310e+00 9.826345e-13
8.058420e+00 7.392198e-13
9.305720e+00 5.546751e-13
1.074610e+01 4.115984e-13
1.240940e+01 3.110509e-13
1.433010e+01 2.344977e-13
1.654820e+01 1.762770e-13
1.910950e+01 1.307093e-13
2.206730e+01 9.877469e-14
2.548300e+01 7.442260e-14
2.942730e+01 5.590168e-14
3.398210e+01 4.137034e-14
3.924190e+01 3.125760e-14
4.531580e+01 2.356187e-14
5.232990e+01 1.771433e-14
6.042960e+01 1.311820e-14
6.978310e+01 9.925829e-15
8.058420e+01 7.492965e-15
9.305720e+01 5.640817e-15
1.074610e+02 4.179081e-15
1.240940e+02 3.163258e-15
1.433010e+02 2.387927e-15
1.654820e+02 1.797021e-15
1.910950e+02 1.329970e-15
2.206730e+02 1.005815e-15
2.548300e+02 7.585125e-16
2.942730e+02 5.701720e-16
3.398210e+02 4.213487e-16
3.924190e+02 3.182497e-16
4.531580e+02 2.396670e-16
5.232990e+02 1.798837e-16
6.042960e+02 1.326750e-16
6.978310e+02 1.000390e-16
8.058420e+02 7.519602e-17
9.305720e+02 5.632287e-17
1.074610e+03 4.143478e-17
1.240940e+03 3.117001e-17
1.433010e+03 2.337016e-17
1.654820e+03 1.745580e-17
1.910950e+03 1.279745e-17
2.206730e+03 9.596797e-18
2.548300e+03 7.170643e-18
2.942730e+03 5.335889e-18
3.398210e+03 3.893667e-18
3.924190e+03 2.907485e-18
4.531580e+03 2.162408e-18
5.232990e+03 1.601000e-18
6.042960e+03 1.160917e-18
6.978310e+03 8.619474e-19
8.058420e+03 6.370962e-19
9.305720e+03 4.685070e-19
1.074610e+04 3.368435e-19
1.240940e+04 2.481991e-19
1.433010e+04 1.819410e-19
1.654820e+04 1.325925e-19
1.910950e+04 9.425022e-20
2.206730e+04 6.874738e-20
2.548300e+04 4.984459e-20
2.942730e+04 3.589360e-20
3.398210e+04 2.512781e-20
3.924190e+04 1.808505e-20
4.531580e+04 1.292375e-20
5.232990e+04 9.160937e-21
6.042960e+04 6.283825e-21
6.978310e+04 4.443628e-21
8.058420e+04 3.115442e-21
9.305720e+04 2.163000e-21
1.074610e+05 1.443724e-21
1.240940e+05 9.975355e-22
1.433010e+05 6.820403e-22
1.654820e+05 4.607622e-22
1.910950e+05 2.964457e-22
2.206730e+05 1.986629e-22
2.548300e+05 1.314100e-22
2.942730e+05 8.563615e-23
3.398210e+05 5.241201e-23
3.924190e+05 3.373359e-23
4.531580e+05 2.136005e-23
5.232990e+05 1.327294e-23
6.042960e+05 7.584105e-24
6.978310e+05 4.626751e-24
8.058420e+05 2.764961e-24
9.305720e+05 1.613284e-24
1.074610e+06 8.375015e-25
1.240940e+06 4.757790e-25
1.433010e+06 2.633256e-25
1.654820e+06 1.413564e-25
1.910950e+06 6.403298e-26
2.206730e+06 3.307117e-26
2.548300e+06 1.652871e-26
2.942730e+06 7.946427e-27
3.398210e+06 2.952498e-27
3.924190e+06 1.340821e-27
4.531580e+06 5.845777e-28
5.232990e+06 2.427837e-28
6.042960e+06 6.686710e-29
6.978310e+06 2.538446e-29
8.058420e+06 9.176184e-30
9.305720e+06 3.141224e-30
1.074610e+07 5.351729e-31
1.240940e+07 1.554522e-31
1.433010e+07 4.245578e-32
1.654820e+07 1.112863e-32
1.910950e+07 8.933074e-34
2.206730e+07 1.690359e-34
2.548300e+07 2.857259e-35
2.942730e+07 4.731293e-36
3.398210e+07 1.359273e-37
3.924190e+07 1.266424e-38
4.531580e+07 9.034713e-40
5.232990e+07 5.845521e-41
6.042960e+07 3.998220e-43
6.978310e+07 1.105348e-44
8.058420e+07 1.323573e-46
9.305720e+07 0.000000e+00
