Ev [GeV]   dN_dEv [s^-1 GeV^-1]
3.398210e-02 2.246042e-07
3.924190e-02 2.160264e-07
4.531580e-02 2.046359e-07
5.232990e-02 1.914247e-07
6.042960e-02 1.750443e-07
6.978310e-02 1.561707e-07
8.058420e-02 1.350269e-07
9.305720e-02 1.123978e-07
1.074610e-01 8.919274e-08
1.240940e-01 7.001955e-08
1.433010e-01 5.404404e-08
1.654820e-01 4.111943e-08
1.910950e-01 3.042271e-08
2.206730e-01 2.284958e-08
2.548300e-01 1.703748e-08
2.942730e-01 1.261243e-08
3.398210e-01 9.204849e-09
3.924190e-01 6.844551e-09
4.531580e-01 5.077903e-09
5.232990e-01 3.759711e-09
6.042960e-01 2.763228e-09
6.978310e-01 2.069342e-09
8.058420e-01 1.548697e-09
9.305720e-01 1.157390e-09
1.074610e+00 8.556183e-10
1.240940e+00 6.448460e-10
1.433010e+00 4.849610e-10
1.654820e+00 3.638046e-10
1.910950e+00 2.694516e-10
2.206730e+00 2.035078e-10
2.548300e+00 1.533035e-10
2.942730e+00 1.151464e-10
3.398210e+00 8.536992e-11
3.924190e+00 6.446397e-11
4.531580e+00 4.851822e-11
5.232990e+00 3.638546e-11
6.042960e+00 2.695087e-11
6.978310e+00 2.032243e-11
8.058420e+00 1.528558e-11
9.305720e+00 1.146741e-11
1.074610e+01 8.507539e-12
1.240940e+01 6.427882e-12
1.433010e+01 4.844737e-12
1.654820e+01 3.640925e-12
1.910950e+01 2.698862e-12
2.206730e+01 2.038844e-12
2.548300e+01 1.535643e-12
2.942730e+01 1.153027e-12
3.398210e+01 8.528889e-13
3.924190e+01 6.441077e-13
4.531580e+01 4.852761e-13
5.232990e+01 3.646306e-13
6.042960e+01 2.698309e-13
6.978310e+01 2.040275e-13
8.058420e+01 1.539040e-13
9.305720e+01 1.157645e-13
1.074610e+02 8.567595e-14
1.240940e+02 6.478641e-14
1.433010e+02 4.885322e-14
1.654820e+02 3.671932e-14
1.910950e+02 2.713400e-14
2.206730e+02 2.049098e-14
2.548300e+02 1.542797e-14
2.942730e+02 1.157645e-14
3.398210e+02 8.535693e-15
3.924190e+02 6.433606e-15
4.531580e+02 4.833790e-15
5.232990e+02 3.618688e-15
6.042960e+02 2.660384e-15
6.978310e+02 1.999954e-15
8.058420e+02 1.498324e-15
9.305720e+02 1.118157e-15
1.074610e+03 8.188113e-16
1.240940e+03 6.133546e-16
1.433010e+03 4.577317e-16
1.654820e+03 3.401395e-16
1.910950e+03 2.477601e-16
2.206730e+03 1.847010e-16
2.548300e+03 1.371172e-16
2.942730e+03 1.013101e-16
3.398210e+03 7.326754e-17
3.924190e+03 5.426869e-17
4.531580e+03 4.000602e-17
5.232990e+03 2.933361e-17
6.042960e+03 2.101086e-17
6.978310e+03 1.542938e-17
8.058420e+03 1.126866e-17
9.305720e+03 8.179001e-18
1.074610e+04 5.783289e-18
1.240940e+04 4.198898e-18
1.433010e+04 3.029015e-18
1.654820e+04 2.169148e-18
1.910950e+04 1.507586e-18
2.206730e+04 1.078223e-18
2.548300e+04 7.652421e-19
2.942730e+04 5.383800e-19
3.398210e+04 3.656437e-19
3.924190e+04 2.563782e-19
4.531580e+04 1.780923e-19
5.232990e+04 1.224004e-19
6.042960e+04 8.059135e-20
6.978310e+04 5.504939e-20
8.058420e+04 3.717213e-20
9.305720e+04 2.477206e-20
1.074610e+05 1.563954e-20
1.240940e+05 1.031985e-20
1.433010e+05 6.712474e-21
1.654820e+05 4.294446e-21
1.910950e+05 2.559797e-21
2.206730e+05 1.613353e-21
2.548300e+05 9.985900e-22
2.942730e+05 6.052483e-22
3.398210e+05 3.331033e-22
3.924190e+05 1.975101e-22
4.531580e+05 1.144520e-22
5.232990e+05 6.457063e-23
6.042960e+05 3.175762e-23
6.978310e+05 1.735624e-23
8.058420e+05 9.214155e-24
9.305720e+05 4.727488e-24
1.074610e+06 1.978376e-24
1.240940e+06 9.692161e-25
1.433010e+06 4.578792e-25
1.654820e+06 2.071616e-25
1.910950e+06 6.830812e-26
2.206730e+06 2.882479e-26
2.548300e+06 1.163342e-26
2.942730e+06 4.454905e-27
3.398210e+06 1.014655e-27
3.924190e+06 3.457773e-28
4.531580e+06 1.117367e-28
5.232990e+06 3.431779e-29
6.042960e+06 4.292278e-30
6.978310e+06 1.050525e-30
8.058420e+06 2.379374e-31
9.305720e+06 5.233007e-32
1.074610e+07 2.719088e-33
1.240940e+07 3.880639e-34
1.433010e+07 4.679924e-35
1.654820e+07 5.470377e-36
1.910950e+07 8.709110e-38
2.206730e+07 5.065867e-39
2.548300e+07 2.015133e-40
2.942730e+07 6.301037e-42
3.398210e+07 1.828197e-44
3.924190e+07 2.380621e-46
4.531580e+07 1.433370e-48
5.232990e+07 3.850563e-51
6.042960e+07 6.990868e-55
6.978310e+07 4.054539e-58
8.058420e+07 5.303746e-62
9.305720e+07 0.000000e+00
