Ev [GeV]   dN_dEv [s^-1 GeV^-1]
3.398210e-02 4.735459e-06
3.924190e-02 4.554609e-06
4.531580e-02 4.314457e-06
5.232990e-02 4.035916e-06
6.042960e-02 3.690559e-06
6.978310e-02 3.292637e-06
8.058420e-02 2.846851e-06
9.305720e-02 2.369747e-06
1.074610e-01 1.880502e-06
1.240940e-01 1.476263e-06
1.433010e-01 1.139442e-06
1.654820e-01 8.669448e-07
1.910950e-01 6.414196e-07
2.206730e-01 4.817509e-07
2.548300e-01 3.592111e-07
2.942730e-01 2.659152e-07
3.398210e-01 1.940711e-07
3.924190e-01 1.443076e-07
4.531580e-01 1.070603e-07
5.232990e-01 7.926816e-08
6.042960e-01 5.825873e-08
6.978310e-01 4.362913e-08
8.058420e-01 3.265207e-08
9.305720e-01 2.440192e-08
1.074610e+00 1.803949e-08
1.240940e+00 1.359566e-08
1.433010e+00 1.022471e-08
1.654820e+00 7.670301e-09
1.910950e+00 5.681004e-09
2.206730e+00 4.290673e-09
2.548300e+00 3.232187e-09
2.942730e+00 2.427699e-09
3.398210e+00 1.799903e-09
3.924190e+00 1.359131e-09
4.531580e+00 1.022938e-09
5.232990e+00 7.671356e-10
6.042960e+00 5.682207e-10
6.978310e+00 4.284694e-10
8.058420e+00 3.222747e-10
9.305720e+00 2.417741e-10
1.074610e+01 1.793694e-10
1.240940e+01 1.355227e-10
1.433010e+01 1.021444e-10
1.654820e+01 7.676372e-11
1.910950e+01 5.690166e-11
2.206730e+01 4.298613e-11
2.548300e+01 3.237684e-11
2.942730e+01 2.430993e-11
3.398210e+01 1.798195e-11
3.924190e+01 1.358009e-11
4.531580e+01 1.023136e-11
5.232990e+01 7.687718e-12
6.042960e+01 5.689000e-12
6.978310e+01 4.301630e-12
8.058420e+01 3.244847e-12
9.305720e+01 2.440729e-12
1.074610e+02 1.806355e-12
1.240940e+02 1.365929e-12
1.433010e+02 1.030001e-12
1.654820e+02 7.741746e-13
1.910950e+02 5.720817e-13
2.206730e+02 4.320231e-13
2.548300e+02 3.252769e-13
2.942730e+02 2.440729e-13
3.398210e+02 1.799629e-13
3.924190e+02 1.356434e-13
4.531580e+02 1.019136e-13
5.232990e+02 7.629489e-14
6.042960e+02 5.609042e-14
6.978310e+02 4.216619e-14
8.058420e+02 3.159003e-14
9.305720e+02 2.357476e-14
1.074610e+03 1.726347e-14
1.240940e+03 1.293171e-14
1.433010e+03 9.650622e-15
1.654820e+03 7.171357e-15
1.910950e+03 5.223668e-15
2.206730e+03 3.894157e-15
2.548300e+03 2.890920e-15
2.942730e+03 2.135980e-15
3.398210e+03 1.544742e-15
3.924190e+03 1.144178e-15
4.531580e+03 8.434699e-16
5.232990e+03 6.184575e-16
6.042960e+03 4.429841e-16
6.978310e+03 3.253065e-16
8.058420e+03 2.375837e-16
9.305720e+03 1.724426e-16
1.074610e+04 1.219324e-16
1.240940e+04 8.852778e-17
1.433010e+04 6.386248e-17
1.654820e+04 4.573340e-17
1.910950e+04 3.178530e-17
2.206730e+04 2.273279e-17
2.548300e+04 1.613404e-17
2.942730e+04 1.135098e-17
3.398210e+04 7.709077e-18
3.924190e+04 5.405370e-18
4.531580e+04 3.754822e-18
5.232990e+04 2.580637e-18
6.042960e+04 1.699154e-18
6.978310e+04 1.160638e-18
8.058420e+04 7.837214e-19
9.305720e+04 5.222835e-19
1.074610e+05 3.297375e-19
1.240940e+05 2.175793e-19
1.433010e+05 1.415230e-19
1.654820e+05 9.054229e-20
1.910950e+05 5.396967e-20
2.206730e+05 3.401525e-20
2.548300e+05 2.105385e-20
2.942730e+05 1.276080e-20
3.398210e+05 7.023009e-21
3.924190e+05 4.164220e-21
4.531580e+05 2.413058e-21
5.232990e+05 1.361380e-21
6.042960e+05 6.695642e-22
6.978310e+05 3.659316e-22
8.058420e+05 1.942673e-22
9.305720e+05 9.967235e-23
1.074610e+06 4.171124e-23
1.240940e+06 2.043454e-23
1.433010e+06 9.653731e-24
1.654820e+06 4.367707e-24
1.910950e+06 1.440180e-24
2.206730e+06 6.077298e-25
2.548300e+06 2.452741e-25
2.942730e+06 9.392534e-26
3.398210e+06 2.139256e-26
3.924190e+06 7.290221e-27
4.531580e+06 2.355810e-27
5.232990e+06 7.235417e-28
6.042960e+06 9.049657e-29
6.978310e+06 2.214883e-29
8.058420e+06 5.016572e-30
9.305720e+06 1.103305e-30
1.074610e+07 5.732810e-32
1.240940e+07 8.181776e-33
1.433010e+07 9.866953e-34
1.654820e+07 1.153351e-34
1.910950e+07 1.836192e-36
2.206730e+07 1.068066e-37
2.548300e+07 4.248620e-39
2.942730e+07 1.328484e-40
3.398210e+07 3.854492e-43
3.924190e+07 5.019201e-45
4.531580e+07 3.022056e-47
5.232990e+07 8.118364e-50
6.042960e+07 1.473925e-53
6.978310e+07 8.548418e-57
8.058420e+07 1.118219e-60
9.305720e+07 0.000000e+00
