Ev [GeV]   dN_dEv [s^-1 GeV^-1]
3.398210e-02 1.498921e-06
3.924190e-02 1.441676e-06
4.531580e-02 1.365660e-06
5.232990e-02 1.277494e-06
6.042960e-02 1.168177e-06
6.978310e-02 1.042223e-06
8.058420e-02 9.011172e-07
9.305720e-02 7.500991e-07
1.074610e-01 5.952377e-07
1.240940e-01 4.672833e-07
1.433010e-01 3.606689e-07
1.654820e-01 2.744151e-07
1.910950e-01 2.030294e-07
2.206730e-01 1.524892e-07
2.548300e-01 1.137015e-07
2.942730e-01 8.417047e-08
3.398210e-01 6.142958e-08
3.924190e-01 4.567787e-08
4.531580e-01 3.388795e-08
5.232990e-01 2.509085e-08
6.042960e-01 1.844071e-08
6.978310e-01 1.380998e-08
8.058420e-01 1.033540e-08
9.305720e-01 7.723971e-09
1.074610e+00 5.710064e-09
1.240940e+00 4.303451e-09
1.433010e+00 3.236441e-09
1.654820e+00 2.427890e-09
1.910950e+00 1.798215e-09
2.206730e+00 1.358132e-09
2.548300e+00 1.023088e-09
2.942730e+00 7.684425e-10
3.398210e+00 5.697257e-10
3.924190e+00 4.302074e-10
4.531580e+00 3.237917e-10
5.232990e+00 2.428224e-10
6.042960e+00 1.798596e-10
6.978310e+00 1.356240e-10
8.058420e+00 1.020100e-10
9.305720e+00 7.652905e-11
1.074610e+01 5.677601e-11
1.240940e+01 4.289719e-11
1.433010e+01 3.233189e-11
1.654820e+01 2.429812e-11
1.910950e+01 1.801115e-11
2.206730e+01 1.360645e-11
2.548300e+01 1.024828e-11
2.942730e+01 7.694853e-12
3.398210e+01 5.691849e-12
3.924190e+01 4.298524e-12
4.531580e+01 3.238544e-12
5.232990e+01 2.433403e-12
6.042960e+01 1.800746e-12
6.978310e+01 1.361600e-12
8.058420e+01 1.027096e-12
9.305720e+01 7.725670e-13
1.074610e+02 5.717680e-13
1.240940e+02 4.323593e-13
1.433010e+02 3.260274e-13
1.654820e+02 2.450504e-13
1.910950e+02 1.810817e-13
2.206730e+02 1.367488e-13
2.548300e+02 1.029603e-13
2.942730e+02 7.725670e-14
3.398210e+02 5.696389e-14
3.924190e+02 4.293538e-14
4.531580e+02 3.225884e-14
5.232990e+02 2.414972e-14
6.042960e+02 1.775437e-14
6.978310e+02 1.334692e-14
8.058420e+02 9.999231e-15
9.305720e+02 7.462148e-15
1.074610e+03 5.464428e-15
1.240940e+03 4.093290e-15
1.433010e+03 3.054723e-15
1.654820e+03 2.269959e-15
1.910950e+03 1.653454e-15
2.206730e+03 1.232622e-15
2.548300e+03 9.150666e-16
2.942730e+03 6.761045e-16
3.398210e+03 4.889590e-16
3.924190e+03 3.621681e-16
4.531580e+03 2.669846e-16
5.232990e+03 1.957611e-16
6.042960e+03 1.402183e-16
6.978310e+03 1.029697e-16
8.058420e+03 7.520266e-17
9.305720e+03 5.458347e-17
1.074610e+04 3.859542e-17
1.240940e+04 2.802181e-17
1.433010e+04 2.021447e-17
1.654820e+04 1.447605e-17
1.910950e+04 1.006104e-17
2.206730e+04 7.195639e-18
2.548300e+04 5.106928e-18
2.942730e+04 3.592939e-18
3.398210e+04 2.440164e-18
3.924190e+04 1.710969e-18
4.531580e+04 1.188519e-18
5.232990e+04 8.168524e-19
6.042960e+04 5.378353e-19
6.978310e+04 3.673782e-19
8.058420e+04 2.480723e-19
9.305720e+04 1.653191e-19
1.074610e+05 1.043722e-19
1.240940e+05 6.887064e-20
1.433010e+05 4.479644e-20
1.654820e+05 2.865946e-20
1.910950e+05 1.708309e-20
2.206730e+05 1.076689e-20
2.548300e+05 6.664201e-21
2.942730e+05 4.039192e-21
3.398210e+05 2.223002e-21
3.924190e+05 1.318106e-21
4.531580e+05 7.638083e-22
5.232990e+05 4.309193e-22
6.042960e+05 2.119380e-22
6.978310e+05 1.158288e-22
8.058420e+05 6.149168e-23
9.305720e+05 3.154941e-23
1.074610e+06 1.320291e-23
1.240940e+06 6.468171e-24
1.433010e+06 3.055708e-24
1.654820e+06 1.382516e-24
1.910950e+06 4.558618e-25
2.206730e+06 1.923655e-25
2.548300e+06 7.763692e-26
2.942730e+06 2.973031e-26
3.398210e+06 6.771414e-27
3.924190e+06 2.307583e-27
4.531580e+06 7.456875e-28
5.232990e+06 2.290236e-28
6.042960e+06 2.864499e-29
6.978310e+06 7.010798e-30
8.058420e+06 1.587902e-30
9.305720e+06 3.492305e-31
1.074610e+07 1.814614e-32
1.240940e+07 2.589788e-33
1.433010e+07 3.123199e-34
1.654820e+07 3.650717e-35
1.910950e+07 5.812121e-37
2.206730e+07 3.380763e-38
2.548300e+07 1.344821e-39
2.942730e+07 4.205067e-41
3.398210e+07 1.220067e-43
3.924190e+07 1.588734e-45
4.531580e+07 9.565751e-48
5.232990e+07 2.569716e-50
6.042960e+07 4.665433e-54
6.978310e+07 2.705842e-57
8.058420e+07 3.539514e-61
9.305720e+07 0.000000e+00
