Ev [GeV]   dN_dEv [s^-1 GeV^-1]
3.398210e-02 1.595812e-06
3.924190e-02 1.534867e-06
4.531580e-02 1.453938e-06
5.232990e-02 1.360072e-06
6.042960e-02 1.243689e-06
6.978310e-02 1.109593e-06
8.058420e-02 9.593660e-07
9.305720e-02 7.985860e-07
1.074610e-01 6.337143e-07
1.240940e-01 4.974888e-07
1.433010e-01 3.839828e-07
1.654820e-01 2.921535e-07
1.910950e-01 2.161533e-07
2.206730e-01 1.623462e-07
2.548300e-01 1.210513e-07
2.942730e-01 8.961131e-08
3.398210e-01 6.540043e-08
3.924190e-01 4.863052e-08
4.531580e-01 3.607849e-08
5.232990e-01 2.671274e-08
6.042960e-01 1.963273e-08
6.978310e-01 1.470267e-08
8.058420e-01 1.100349e-08
9.305720e-01 8.223253e-09
1.074610e+00 6.079166e-09
1.240940e+00 4.581629e-09
1.433010e+00 3.445647e-09
1.654820e+00 2.584831e-09
1.910950e+00 1.914453e-09
2.206730e+00 1.445923e-09
2.548300e+00 1.089221e-09
2.942730e+00 8.181151e-10
3.398210e+00 6.065531e-10
3.924190e+00 4.580164e-10
4.531580e+00 3.447218e-10
5.232990e+00 2.585186e-10
6.042960e+00 1.914859e-10
6.978310e+00 1.443908e-10
8.058420e+00 1.086040e-10
9.305720e+00 8.147594e-11
1.074610e+01 6.044605e-11
1.240940e+01 4.567009e-11
1.433010e+01 3.442185e-11
1.654820e+01 2.586876e-11
1.910950e+01 1.917541e-11
2.206730e+01 1.448598e-11
2.548300e+01 1.091074e-11
2.942730e+01 8.192254e-12
3.398210e+01 6.059774e-12
3.924190e+01 4.576384e-12
4.531580e+01 3.447886e-12
5.232990e+01 2.590700e-12
6.042960e+01 1.917148e-12
6.978310e+01 1.449615e-12
8.058420e+01 1.093488e-12
9.305720e+01 8.225062e-13
1.074610e+02 6.087275e-13
1.240940e+02 4.603073e-13
1.433010e+02 3.471020e-13
1.654820e+02 2.608907e-13
1.910950e+02 1.927870e-13
2.206730e+02 1.455884e-13
2.548300e+02 1.096157e-13
2.942730e+02 8.225062e-14
3.398210e+02 6.064608e-14
3.924190e+02 4.571076e-14
4.531580e+02 3.434407e-14
5.232990e+02 2.571077e-14
6.042960e+02 1.890202e-14
6.978310e+02 1.420967e-14
8.058420e+02 1.064559e-14
9.305720e+02 7.944506e-15
1.074610e+03 5.817653e-15
1.240940e+03 4.357883e-15
1.433010e+03 3.252183e-15
1.654820e+03 2.416691e-15
1.910950e+03 1.760335e-15
2.206730e+03 1.312300e-15
2.548300e+03 9.742172e-16
2.942730e+03 7.198083e-16
3.398210e+03 5.205657e-16
3.924190e+03 3.855790e-16
4.531580e+03 2.842427e-16
5.232990e+03 2.084153e-16
6.042960e+03 1.492821e-16
6.978310e+03 1.096257e-16
8.058420e+03 8.006381e-17
9.305720e+03 5.811178e-17
1.074610e+04 4.109026e-17
1.240940e+04 2.983316e-17
1.433010e+04 2.152115e-17
1.654820e+04 1.541179e-17
1.910950e+04 1.071139e-17
2.206730e+04 7.660770e-18
2.548300e+04 5.437044e-18
2.942730e+04 3.825189e-18
3.398210e+04 2.597898e-18
3.924190e+04 1.821567e-18
4.531580e+04 1.265345e-18
5.232990e+04 8.696543e-19
6.042960e+04 5.726014e-19
6.978310e+04 3.911258e-19
8.058420e+04 2.641079e-19
9.305720e+04 1.760054e-19
1.074610e+05 1.111189e-19
1.240940e+05 7.332249e-20
1.433010e+05 4.769211e-20
1.654820e+05 3.051203e-20
1.910950e+05 1.818735e-20
2.206730e+05 1.146287e-20
2.548300e+05 7.094980e-21
2.942730e+05 4.300288e-21
3.398210e+05 2.366698e-21
3.924190e+05 1.403309e-21
4.531580e+05 8.131814e-22
5.232990e+05 4.587742e-22
6.042960e+05 2.256378e-22
6.978310e+05 1.233161e-22
8.058420e+05 6.546655e-23
9.305720e+05 3.358879e-23
1.074610e+06 1.405636e-23
1.240940e+06 6.886278e-24
1.433010e+06 3.253231e-24
1.654820e+06 1.471882e-24
1.910950e+06 4.853291e-25
2.206730e+06 2.048001e-25
2.548300e+06 8.265543e-26
2.942730e+06 3.165209e-26
3.398210e+06 7.209123e-27
3.924190e+06 2.456747e-27
4.531580e+06 7.938893e-28
5.232990e+06 2.438278e-28
6.042960e+06 3.049663e-29
6.978310e+06 7.463981e-30
8.058420e+06 1.690545e-30
9.305720e+06 3.718050e-31
1.074610e+07 1.931912e-32
1.240940e+07 2.757193e-33
1.433010e+07 3.325085e-34
1.654820e+07 3.886702e-35
1.910950e+07 6.187821e-37
2.206730e+07 3.599297e-38
2.548300e+07 1.431751e-39
2.942730e+07 4.476886e-41
3.398210e+07 1.298933e-43
3.924190e+07 1.691431e-45
4.531580e+07 1.018409e-47
5.232990e+07 2.735824e-50
6.042960e+07 4.967010e-54
6.978310e+07 2.880749e-57
8.058420e+07 3.768311e-61
9.305720e+07 0.000000e+00
