Ev [GeV]   dN_dEv [s^-1 GeV^-1]
3.398210e-02 2.558754e-09
3.924190e-02 2.464002e-09
4.531580e-02 2.337426e-09
5.232990e-02 2.190692e-09
6.042960e-02 2.010023e-09
6.978310e-02 1.799461e-09
8.058420e-02 1.562906e-09
9.305720e-02 1.308599e-09
1.074610e-01 1.049517e-09
1.240940e-01 8.293284e-10
1.433010e-01 6.438875e-10
1.654820e-01 4.924807e-10
1.910950e-01 3.669973e-10
2.206730e-01 2.762803e-10
2.548300e-01 2.062570e-10
2.942730e-01 1.527631e-10
3.398210e-01 1.115221e-10
3.924190e-01 8.293221e-11
4.531580e-01 6.153085e-11
5.232990e-01 4.556115e-11
6.042960e-01 3.348769e-11
6.978310e-01 2.507986e-11
8.058420e-01 1.877087e-11
9.305720e-01 1.402889e-11
1.074610e+00 1.037176e-11
1.240940e+00 7.817275e-12
1.433010e+00 5.879443e-12
1.654820e+00 4.410907e-12
1.910950e+00 3.267209e-12
2.206730e+00 2.467816e-12
2.548300e+00 1.859177e-12
2.942730e+00 1.396561e-12
3.398210e+00 1.035534e-12
3.924190e+00 7.820325e-13
4.531580e+00 5.886573e-13
5.232990e+00 4.415136e-13
6.042960e+00 3.270830e-13
6.978310e+00 2.466769e-13
8.058420e+00 1.855710e-13
9.305720e+00 1.392436e-13
1.074610e+01 1.033261e-13
1.240940e+01 7.808506e-14
1.433010e+01 5.886744e-14
1.654820e+01 4.425192e-14
1.910950e+01 3.281276e-14
2.206730e+01 2.479603e-14
2.548300e+01 1.868277e-14
2.942730e+01 1.403335e-14
3.398210e+01 1.038545e-14
3.924190e+01 7.846792e-15
4.531580e+01 5.914884e-15
5.232990e+01 4.446940e-15
6.042960e+01 3.293144e-15
6.978310e+01 2.491743e-15
8.058420e+01 1.881006e-15
9.305720e+01 1.416050e-15
1.074610e+02 1.049101e-15
1.240940e+02 7.940925e-16
1.433010e+02 5.994563e-16
1.654820e+02 4.511173e-16
1.910950e+02 3.338708e-16
2.206730e+02 2.524961e-16
2.548300e+02 1.904141e-16
2.942730e+02 1.431339e-16
3.398210e+02 1.057738e-16
3.924190e+02 7.989220e-17
4.531580e+02 6.016511e-17
5.232990e+02 4.515734e-17
6.042960e+02 3.330625e-17
6.978310e+02 2.511341e-17
8.058420e+02 1.887693e-17
9.305720e+02 1.413908e-17
1.074610e+03 1.040163e-17
1.240940e+03 7.824803e-18
1.433010e+03 5.866759e-18
1.654820e+03 4.382040e-18
1.910950e+03 3.212625e-18
2.206730e+03 2.409144e-18
2.548300e+03 1.800091e-18
2.942730e+03 1.339502e-18
3.398210e+03 9.774517e-19
3.924190e+03 7.298843e-19
4.531580e+03 5.428428e-19
5.232990e+03 4.019092e-19
6.042960e+03 2.914323e-19
6.978310e+03 2.163801e-19
8.058420e+03 1.599342e-19
9.305720e+03 1.176122e-19
1.074610e+04 8.455994e-20
1.240940e+04 6.230698e-20
1.433010e+04 4.567380e-20
1.654820e+04 3.328553e-20
1.910950e+04 2.366022e-20
2.206730e+04 1.725809e-20
2.548300e+04 1.251280e-20
2.942730e+04 9.010595e-21
3.398210e+04 6.307993e-21
3.924190e+04 4.540002e-21
4.531580e+04 3.244329e-21
5.232990e+04 2.299727e-21
6.042960e+04 1.577468e-21
6.978310e+04 1.115512e-21
8.058420e+04 7.820888e-22
9.305720e+04 5.429913e-22
1.074610e+05 3.624272e-22
1.240940e+05 2.504176e-22
1.433010e+05 1.712168e-22
1.654820e+05 1.156680e-22
1.910950e+05 7.441863e-23
2.206730e+05 4.987159e-23
2.548300e+05 3.298866e-23
2.942730e+05 2.149778e-23
3.398210e+05 1.315732e-23
3.924190e+05 8.468353e-24
4.531580e+05 5.362147e-24
5.232990e+05 3.331989e-24
6.042960e+05 1.903885e-24
6.978310e+05 1.161482e-24
8.058420e+05 6.941055e-25
9.305720e+05 4.049929e-25
1.074610e+06 2.102433e-25
1.240940e+06 1.194378e-25
1.433010e+06 6.610428e-26
1.654820e+06 3.548559e-26
1.910950e+06 1.607460e-26
2.206730e+06 8.302064e-27
2.548300e+06 4.149306e-27
2.942730e+06 1.994841e-27
3.398210e+06 7.411840e-28
3.924190e+06 3.365947e-28
4.531580e+06 1.467502e-28
5.232990e+06 6.094751e-29
6.042960e+06 1.678607e-29
6.978310e+06 6.372421e-30
8.058420e+06 2.303555e-30
9.305720e+06 7.885613e-31
1.074610e+07 1.343478e-31
1.240940e+07 3.902414e-32
1.433010e+07 1.065794e-32
1.654820e+07 2.793689e-33
1.910950e+07 2.242525e-34
2.206730e+07 4.243413e-35
2.548300e+07 7.172757e-36
2.942730e+07 1.187726e-36
3.398210e+07 3.412268e-38
3.924190e+07 3.179183e-39
4.531580e+07 2.268041e-40
5.232990e+07 1.467438e-41
6.042960e+07 1.003698e-43
6.978310e+07 2.774824e-45
8.058420e+07 3.322647e-47
9.305720e+07 0.000000e+00
