Ev [GeV]   dN_dEv [s^-1 GeV^-1]
3.398210e-02 1.003410e-06
3.924190e-02 9.650890e-07
4.531580e-02 9.142024e-07
5.232990e-02 8.551817e-07
6.042960e-02 7.820030e-07
6.978310e-02 6.976861e-07
8.058420e-02 6.032272e-07
9.305720e-02 5.021324e-07
1.074610e-01 3.984649e-07
1.240940e-01 3.128095e-07
1.433010e-01 2.414395e-07
1.654820e-01 1.836994e-07
1.910950e-01 1.359122e-07
2.206730e-01 1.020796e-07
2.548300e-01 7.611425e-08
2.942730e-01 5.634552e-08
3.398210e-01 4.112228e-08
3.924190e-01 3.057775e-08
4.531580e-01 2.268532e-08
5.232990e-01 1.679635e-08
6.042960e-01 1.234461e-08
6.978310e-01 9.244699e-09
8.058420e-01 6.918739e-09
9.305720e-01 5.170592e-09
1.074610e+00 3.822439e-09
1.240940e+00 2.880823e-09
1.433010e+00 2.166543e-09
1.654820e+00 1.625282e-09
1.910950e+00 1.203764e-09
2.206730e+00 9.091628e-10
2.548300e+00 6.848772e-10
2.942730e+00 5.144119e-10
3.398210e+00 3.813866e-10
3.924190e+00 2.879901e-10
4.531580e+00 2.167531e-10
5.232990e+00 1.625505e-10
6.042960e+00 1.204019e-10
6.978310e+00 9.078960e-11
8.058420e+00 6.828771e-11
9.305720e+00 5.123019e-11
1.074610e+01 3.800708e-11
1.240940e+01 2.871630e-11
1.433010e+01 2.164366e-11
1.654820e+01 1.626568e-11
1.910950e+01 1.205705e-11
2.206730e+01 9.108453e-12
2.548300e+01 6.860420e-12
2.942730e+01 5.151100e-12
3.398210e+01 3.810246e-12
3.924190e+01 2.877524e-12
4.531580e+01 2.167951e-12
5.232990e+01 1.628972e-12
6.042960e+01 1.205458e-12
6.978310e+01 9.114845e-13
8.058420e+01 6.875598e-13
9.305720e+01 5.171729e-13
1.074610e+02 3.827538e-13
1.240940e+02 2.894306e-13
1.433010e+02 2.182497e-13
1.654820e+02 1.640420e-13
1.910950e+02 1.212200e-13
2.206730e+02 9.154260e-14
2.548300e+02 6.892384e-14
2.942730e+02 5.171729e-14
3.398210e+02 3.813286e-14
3.924190e+02 2.874187e-14
4.531580e+02 2.159476e-14
5.232990e+02 1.616634e-14
6.042960e+02 1.188516e-14
6.978310e+02 8.934712e-15
8.058420e+02 6.693700e-15
9.305720e+02 4.995322e-15
1.074610e+03 3.658006e-15
1.240940e+03 2.740136e-15
1.433010e+03 2.044898e-15
1.654820e+03 1.519559e-15
1.910950e+03 1.106858e-15
2.206730e+03 8.251439e-16
2.548300e+03 6.125653e-16
2.942730e+03 4.525989e-16
3.398210e+03 3.273197e-16
3.924190e+03 2.424431e-16
4.531580e+03 1.787252e-16
5.232990e+03 1.310467e-16
6.042960e+03 9.386515e-17
6.978310e+03 6.893011e-17
8.058420e+03 5.034227e-17
9.305720e+03 3.653935e-17
1.074610e+04 2.583660e-17
1.240940e+04 1.875840e-17
1.433010e+04 1.353200e-17
1.654820e+04 9.690580e-18
1.910950e+04 6.735076e-18
2.206730e+04 4.816915e-18
2.548300e+04 3.418688e-18
2.942730e+04 2.405191e-18
3.398210e+04 1.633498e-18
3.924190e+04 1.145359e-18
4.531580e+04 7.956199e-19
5.232990e+04 5.468186e-19
6.042960e+04 3.600385e-19
6.978310e+04 2.459309e-19
8.058420e+04 1.660650e-19
9.305720e+04 1.106681e-19
1.074610e+05 6.986902e-20
1.240940e+05 4.610349e-20
1.433010e+05 2.998770e-20
1.654820e+05 1.918526e-20
1.910950e+05 1.143579e-20
2.206730e+05 7.207587e-21
2.548300e+05 4.461160e-21
2.942730e+05 2.703922e-21
3.398210e+05 1.488125e-21
3.924190e+05 8.823683e-22
4.531580e+05 5.113097e-22
5.232990e+05 2.884666e-22
6.042960e+05 1.418759e-22
6.978310e+05 7.753829e-23
8.058420e+05 4.116386e-23
9.305720e+05 2.111986e-23
1.074610e+06 8.838312e-24
1.240940e+06 4.329933e-24
1.433010e+06 2.045556e-24
1.654820e+06 9.254857e-25
1.910950e+06 3.051637e-25
2.206730e+06 1.287736e-25
2.548300e+06 5.197182e-26
2.942730e+06 1.990211e-26
3.398210e+06 4.532930e-27
3.924190e+06 1.544746e-27
4.531580e+06 4.991792e-28
5.232990e+06 1.533133e-28
6.042960e+06 1.917557e-29
6.978310e+06 4.693179e-30
8.058420e+06 1.062976e-30
9.305720e+06 2.337824e-31
1.074610e+07 1.214741e-32
1.240940e+07 1.733660e-33
1.433010e+07 2.090737e-34
1.654820e+07 2.443868e-35
1.910950e+07 3.890759e-37
2.206730e+07 2.263155e-38
2.548300e+07 9.002522e-40
2.942730e+07 2.814962e-41
3.398210e+07 8.167393e-44
3.924190e+07 1.063533e-45
4.531580e+07 6.403519e-48
5.232990e+07 1.720223e-50
6.042960e+07 3.123141e-54
6.978310e+07 1.811348e-57
8.058420e+07 2.369427e-61
9.305720e+07 0.000000e+00
