Ev [GeV]   dN_dEv [s^-1 GeV^-1]
3.398210e-02 3.194778e-05
3.924190e-02 3.072767e-05
4.531580e-02 2.910748e-05
5.232990e-02 2.722831e-05
6.042960e-02 2.489836e-05
6.978310e-02 2.221377e-05
8.058420e-02 1.920628e-05
9.305720e-02 1.598750e-05
1.074610e-01 1.268681e-05
1.240940e-01 9.959605e-06
1.433010e-01 7.687243e-06
1.654820e-01 5.848843e-06
1.910950e-01 4.327337e-06
2.206730e-01 3.250133e-06
2.548300e-01 2.423417e-06
2.942730e-01 1.793997e-06
3.398210e-01 1.309301e-06
3.924190e-01 9.735713e-07
4.531580e-01 7.222826e-07
5.232990e-01 5.347826e-07
6.042960e-01 3.930425e-07
6.978310e-01 2.943439e-07
8.058420e-01 2.202872e-07
9.305720e-01 1.646275e-07
1.074610e+00 1.217034e-07
1.240940e+00 9.172311e-08
1.433010e+00 6.898101e-08
1.654820e+00 5.174769e-08
1.910950e+00 3.832689e-08
2.206730e+00 2.894702e-08
2.548300e+00 2.180595e-08
2.942730e+00 1.637847e-08
3.398210e+00 1.214305e-08
3.924190e+00 9.169377e-09
4.531580e+00 6.901248e-09
5.232990e+00 5.175480e-09
6.042960e+00 3.833501e-09
6.978310e+00 2.890669e-09
8.058420e+00 2.174226e-09
9.305720e+00 1.631129e-09
1.074610e+01 1.210115e-09
1.240940e+01 9.143042e-10
1.433010e+01 6.891171e-10
1.654820e+01 5.178864e-10
1.910950e+01 3.838870e-10
2.206730e+01 2.900059e-10
2.548300e+01 2.184303e-10
2.942730e+01 1.640069e-10
3.398210e+01 1.213152e-10
3.924190e+01 9.161810e-11
4.531580e+01 6.902584e-11
5.232990e+01 5.186519e-11
6.042960e+01 3.838084e-11
6.978310e+01 2.902095e-11
8.058420e+01 2.189136e-11
9.305720e+01 1.646638e-11
1.074610e+02 1.218658e-11
1.240940e+02 9.215242e-12
1.433010e+02 6.948899e-12
1.654820e+02 5.222968e-12
1.910950e+02 3.859549e-12
2.206730e+02 2.914644e-12
2.548300e+02 2.194480e-12
2.942730e+02 1.646638e-12
3.398210e+02 1.214120e-12
3.924190e+02 9.151183e-13
4.531580e+02 6.875600e-13
5.232990e+02 5.147235e-13
6.042960e+02 3.784140e-13
6.978310e+02 2.844742e-13
8.058420e+02 2.131221e-13
9.305720e+02 1.590471e-13
1.074610e+03 1.164680e-13
1.240940e+03 8.724377e-14
1.433010e+03 6.510792e-14
1.654820e+03 4.838156e-14
1.910950e+03 3.524148e-14
2.206730e+03 2.627193e-14
2.548300e+03 1.950359e-14
2.942730e+03 1.441039e-14
3.398210e+03 1.042160e-14
3.924190e+03 7.719198e-15
4.531580e+03 5.690470e-15
5.232990e+03 4.172423e-15
6.042960e+03 2.988592e-15
6.978310e+03 2.194680e-15
8.058420e+03 1.602858e-15
9.305720e+03 1.163384e-15
1.074610e+04 8.226170e-16
1.240940e+04 5.972526e-16
1.433010e+04 4.308482e-16
1.654820e+04 3.085404e-16
1.910950e+04 2.144395e-16
2.206730e+04 1.533668e-16
2.548300e+04 1.088483e-16
2.942730e+04 7.657936e-17
3.398210e+04 5.200929e-17
3.924190e+04 3.646733e-17
4.531580e+04 2.533191e-17
5.232990e+04 1.741027e-17
6.042960e+04 1.146334e-17
6.978310e+04 7.830245e-18
8.058420e+04 5.287376e-18
9.305720e+04 3.523586e-18
1.074610e+05 2.224574e-18
1.240940e+05 1.467898e-18
1.433010e+05 9.547846e-19
1.654820e+05 6.108435e-19
1.910950e+05 3.641064e-19
2.206730e+05 2.294839e-19
2.548300e+05 1.420398e-19
2.942730e+05 8.609072e-20
3.398210e+05 4.738073e-20
3.924190e+05 2.809391e-20
4.531580e+05 1.627970e-20
5.232990e+05 9.184549e-21
6.042960e+05 4.517215e-21
6.978310e+05 2.468758e-21
8.058420e+05 1.310625e-21
9.305720e+05 6.724395e-22
1.074610e+06 2.814049e-22
1.240940e+06 1.378616e-22
1.433010e+06 6.512890e-23
1.654820e+06 2.946673e-23
1.910950e+06 9.716171e-24
2.206730e+06 4.100049e-24
2.548300e+06 1.654742e-24
2.942730e+06 6.336673e-25
3.398210e+06 1.443249e-25
3.924190e+06 4.918348e-26
4.531580e+06 1.589347e-26
5.232990e+06 4.881374e-27
6.042960e+06 6.105351e-28
6.978310e+06 1.494271e-28
8.058420e+06 3.384430e-29
9.305720e+06 7.443447e-30
1.074610e+07 3.867640e-31
1.240940e+07 5.519835e-32
1.433010e+07 6.656740e-33
1.654820e+07 7.781083e-34
1.910950e+07 1.238787e-35
2.206730e+07 7.205707e-37
2.548300e+07 2.866332e-38
2.942730e+07 8.962617e-40
3.398210e+07 2.600433e-42
3.924190e+07 3.386204e-44
4.531580e+07 2.038830e-46
5.232990e+07 5.477054e-49
6.042960e+07 9.943834e-53
6.978310e+07 5.767190e-56
8.058420e+07 7.544067e-60
9.305720e+07 0.000000e+00
