Ev [GeV]   dN_dEv [s^-1 GeV^-1]
3.398210e-02 4.295786e-09
3.924190e-02 4.136712e-09
4.531580e-02 3.924208e-09
5.232990e-02 3.677862e-09
6.042960e-02 3.374545e-09
6.978310e-02 3.021041e-09
8.058420e-02 2.623899e-09
9.305720e-02 2.196952e-09
1.074610e-01 1.761991e-09
1.240940e-01 1.392325e-09
1.433010e-01 1.080996e-09
1.654820e-01 8.268055e-10
1.910950e-01 6.161366e-10
2.206730e-01 4.638357e-10
2.548300e-01 3.462763e-10
2.942730e-01 2.564676e-10
3.398210e-01 1.872299e-10
3.924190e-01 1.392315e-10
4.531580e-01 1.033016e-10
5.232990e-01 7.649074e-11
6.042960e-01 5.622109e-11
6.978310e-01 4.210555e-11
8.058420e-01 3.151364e-11
9.305720e-01 2.355252e-11
1.074610e+00 1.741273e-11
1.240940e+00 1.312410e-11
1.433010e+00 9.870754e-12
1.654820e+00 7.405290e-12
1.910950e+00 5.485182e-12
2.206730e+00 4.143114e-12
2.548300e+00 3.121296e-12
2.942730e+00 2.344628e-12
3.398210e+00 1.738515e-12
3.924190e+00 1.312922e-12
4.531580e+00 9.882725e-13
5.232990e+00 7.412390e-13
6.042960e+00 5.491261e-13
6.978310e+00 4.141357e-13
8.058420e+00 3.115474e-13
9.305720e+00 2.337703e-13
1.074610e+01 1.734700e-13
1.240940e+01 1.310938e-13
1.433010e+01 9.883012e-14
1.654820e+01 7.429272e-14
1.910950e+01 5.508800e-14
2.206730e+01 4.162903e-14
2.548300e+01 3.136574e-14
2.942730e+01 2.356001e-14
3.398210e+01 1.743571e-14
3.924190e+01 1.317365e-14
4.531580e+01 9.930254e-15
5.232990e+01 7.465784e-15
6.042960e+01 5.528724e-15
6.978310e+01 4.183285e-15
8.058420e+01 3.157943e-15
9.305720e+01 2.377348e-15
1.074610e+02 1.761292e-15
1.240940e+02 1.333169e-15
1.433010e+02 1.006402e-15
1.654820e+02 7.573623e-16
1.910950e+02 5.605220e-16
2.206730e+02 4.239053e-16
2.548300e+02 3.196784e-16
2.942730e+02 2.403015e-16
3.398210e+02 1.775793e-16
3.924190e+02 1.341277e-16
4.531580e+02 1.010087e-16
5.232990e+02 7.581280e-17
6.042960e+02 5.591649e-17
6.978310e+02 4.216188e-17
8.058420e+02 3.169170e-17
9.305720e+02 2.373753e-17
1.074610e+03 1.746287e-17
1.240940e+03 1.313674e-17
1.433010e+03 9.849459e-18
1.654820e+03 7.356826e-18
1.910950e+03 5.393544e-18
2.206730e+03 4.044613e-18
2.548300e+03 3.022099e-18
2.942730e+03 2.248834e-18
3.398210e+03 1.641003e-18
3.924190e+03 1.225373e-18
4.531580e+03 9.113563e-19
5.232990e+03 6.747487e-19
6.042960e+03 4.892736e-19
6.978310e+03 3.632716e-19
8.058420e+03 2.685070e-19
9.305720e+03 1.974544e-19
1.074610e+04 1.419642e-19
1.240940e+04 1.046046e-19
1.433010e+04 7.667986e-20
1.654820e+04 5.588170e-20
1.910950e+04 3.972217e-20
2.206730e+04 2.897389e-20
2.548300e+04 2.100722e-20
2.942730e+04 1.512752e-20
3.398210e+04 1.059023e-20
3.924190e+04 7.622023e-21
4.531580e+04 5.446771e-21
5.232990e+04 3.860918e-21
6.042960e+04 2.648346e-21
6.978310e+04 1.872787e-21
8.058420e+04 1.313017e-21
9.305720e+04 9.116058e-22
1.074610e+05 6.084641e-22
1.240940e+05 4.204158e-22
1.433010e+05 2.874489e-22
1.654820e+05 1.941903e-22
1.910950e+05 1.249384e-22
2.206730e+05 8.372736e-23
2.548300e+05 5.538331e-23
2.942730e+05 3.609174e-23
3.398210e+05 2.208928e-23
3.924190e+05 1.421717e-23
4.531580e+05 9.002288e-24
5.232990e+05 5.593939e-24
6.042960e+05 3.196355e-24
6.978310e+05 1.949965e-24
8.058420e+05 1.165305e-24
9.305720e+05 6.799258e-25
1.074610e+06 3.529687e-25
1.240940e+06 2.005192e-25
1.433010e+06 1.109798e-25
1.654820e+06 5.957529e-26
1.910950e+06 2.698698e-26
2.206730e+06 1.393799e-26
2.548300e+06 6.966099e-27
2.942730e+06 3.349057e-27
3.398210e+06 1.244343e-27
3.924190e+06 5.650949e-28
4.531580e+06 2.463729e-28
5.232990e+06 1.023223e-28
6.042960e+06 2.818144e-29
6.978310e+06 1.069840e-29
8.058420e+06 3.867343e-30
9.305720e+06 1.323883e-30
1.074610e+07 2.255510e-31
1.240940e+07 6.551601e-32
1.433010e+07 1.789318e-32
1.654820e+07 4.690209e-33
1.910950e+07 3.764884e-34
2.206730e+07 7.124091e-35
2.548300e+07 1.204205e-35
2.942730e+07 1.994024e-36
3.398210e+07 5.728716e-38
3.924190e+07 5.337399e-39
4.531580e+07 3.807720e-40
5.232990e+07 2.463621e-41
6.042960e+07 1.685068e-43
6.978310e+07 4.658537e-45
8.058420e+07 5.578255e-47
9.305720e+07 0.000000e+00
