Ev [GeV]   dN_dEv [s^-1 GeV^-1]
3.398210e-02 2.198508e-07
3.924190e-02 2.114545e-07
4.531580e-02 2.003051e-07
5.232990e-02 1.873735e-07
6.042960e-02 1.713397e-07
6.978310e-02 1.528656e-07
8.058420e-02 1.321693e-07
9.305720e-02 1.100191e-07
1.074610e-01 8.730512e-08
1.240940e-01 6.853770e-08
1.433010e-01 5.290029e-08
1.654820e-01 4.024921e-08
1.910950e-01 2.977887e-08
2.206730e-01 2.236601e-08
2.548300e-01 1.667691e-08
2.942730e-01 1.234551e-08
3.398210e-01 9.010043e-09
3.924190e-01 6.699697e-09
4.531580e-01 4.970437e-09
5.232990e-01 3.680143e-09
6.042960e-01 2.704749e-09
6.978310e-01 2.025548e-09
8.058420e-01 1.515921e-09
9.305720e-01 1.132896e-09
1.074610e+00 8.375104e-10
1.240940e+00 6.311988e-10
1.433010e+00 4.746975e-10
1.654820e+00 3.561052e-10
1.910950e+00 2.637491e-10
2.206730e+00 1.992009e-10
2.548300e+00 1.500591e-10
2.942730e+00 1.127095e-10
3.398210e+00 8.356320e-11
3.924190e+00 6.309969e-11
4.531580e+00 4.749141e-11
5.232990e+00 3.561542e-11
6.042960e+00 2.638050e-11
6.978310e+00 1.989233e-11
8.058420e+00 1.496209e-11
9.305720e+00 1.122472e-11
1.074610e+01 8.327491e-12
1.240940e+01 6.291846e-12
1.433010e+01 4.742206e-12
1.654820e+01 3.563871e-12
1.910950e+01 2.641745e-12
2.206730e+01 1.995695e-12
2.548300e+01 1.503143e-12
2.942730e+01 1.128625e-12
3.398210e+01 8.348389e-13
3.924190e+01 6.304762e-13
4.531580e+01 4.750060e-13
5.232990e+01 3.569138e-13
6.042960e+01 2.641203e-13
6.978310e+01 1.997096e-13
8.058420e+01 1.506469e-13
9.305720e+01 1.133145e-13
1.074610e+02 8.386275e-14
1.240940e+02 6.341531e-14
1.433010e+02 4.781932e-14
1.654820e+02 3.594221e-14
1.910950e+02 2.655975e-14
2.206730e+02 2.005732e-14
2.548300e+02 1.510147e-14
2.942730e+02 1.133145e-14
3.398210e+02 8.355048e-15
3.924190e+02 6.297449e-15
4.531580e+02 4.731491e-15
5.232990e+02 3.542104e-15
6.042960e+02 2.604081e-15
6.978310e+02 1.957628e-15
8.058420e+02 1.466614e-15
9.305720e+02 1.094493e-15
1.074610e+03 8.014825e-16
1.240940e+03 6.003739e-16
1.433010e+03 4.480445e-16
1.654820e+03 3.329410e-16
1.910950e+03 2.425166e-16
2.206730e+03 1.807921e-16
2.548300e+03 1.342153e-16
2.942730e+03 9.916607e-17
3.398210e+03 7.171695e-17
3.924190e+03 5.312018e-17
4.531580e+03 3.915935e-17
5.232990e+03 2.871281e-17
6.042960e+03 2.056620e-17
6.978310e+03 1.510284e-17
8.058420e+03 1.103018e-17
9.305720e+03 8.005905e-18
1.074610e+04 5.660895e-18
1.240940e+04 4.110035e-18
1.433010e+04 2.964911e-18
1.654820e+04 2.123242e-18
1.910950e+04 1.475680e-18
2.206730e+04 1.055404e-18
2.548300e+04 7.490470e-19
2.942730e+04 5.269861e-19
3.398210e+04 3.579054e-19
3.924190e+04 2.509524e-19
4.531580e+04 1.743232e-19
5.232990e+04 1.198099e-19
6.042960e+04 7.888576e-20
6.978310e+04 5.388436e-20
8.058420e+04 3.638544e-20
9.305720e+04 2.424779e-20
1.074610e+05 1.530856e-20
1.240940e+05 1.010144e-20
1.433010e+05 6.570415e-21
1.654820e+05 4.203561e-21
1.910950e+05 2.505623e-21
2.206730e+05 1.579209e-21
2.548300e+05 9.774564e-22
2.942730e+05 5.924391e-22
3.398210e+05 3.260537e-22
3.924190e+05 1.933301e-22
4.531580e+05 1.120298e-22
5.232990e+05 6.320409e-23
6.042960e+05 3.108552e-23
6.978310e+05 1.698892e-23
8.058420e+05 9.019152e-24
9.305720e+05 4.627438e-24
1.074610e+06 1.936507e-24
1.240940e+06 9.487042e-25
1.433010e+06 4.481889e-25
1.654820e+06 2.027773e-25
1.910950e+06 6.686249e-26
2.206730e+06 2.821476e-26
2.548300e+06 1.138722e-26
2.942730e+06 4.360624e-27
3.398210e+06 9.931817e-28
3.924190e+06 3.384594e-28
4.531580e+06 1.093720e-28
5.232990e+06 3.359150e-29
6.042960e+06 4.201439e-30
6.978310e+06 1.028293e-30
8.058420e+06 2.329019e-31
9.305720e+06 5.122258e-32
1.074610e+07 2.661543e-33
1.240940e+07 3.798512e-34
1.433010e+07 4.580881e-35
1.654820e+07 5.354605e-36
1.910950e+07 8.524795e-38
2.206730e+07 4.958656e-39
2.548300e+07 1.972486e-40
2.942730e+07 6.167686e-42
3.398210e+07 1.789506e-44
3.924190e+07 2.330239e-46
4.531580e+07 1.403035e-48
5.232990e+07 3.769072e-51
6.042960e+07 6.842917e-55
6.978310e+07 3.968731e-58
8.058420e+07 5.191501e-62
9.305720e+07 0.000000e+00
