Ev [GeV]   dN_dEv [s^-1 GeV^-1]
3.398210e-02 1.149468e-05
3.924190e-02 1.105569e-05
4.531580e-02 1.047276e-05
5.232990e-02 9.796638e-06
6.042960e-02 8.958331e-06
6.978310e-02 7.992428e-06
8.058420e-02 6.910343e-06
9.305720e-02 5.752239e-06
1.074610e-01 4.564663e-06
1.240940e-01 3.583427e-06
1.433010e-01 2.765840e-06
1.654820e-01 2.104390e-06
1.910950e-01 1.556959e-06
2.206730e-01 1.169385e-06
2.548300e-01 8.719360e-07
2.942730e-01 6.454730e-07
3.398210e-01 4.710813e-07
3.924190e-01 3.502871e-07
4.531580e-01 2.598744e-07
5.232990e-01 1.924127e-07
6.042960e-01 1.414151e-07
6.978310e-01 1.059038e-07
8.058420e-01 7.925845e-08
9.305720e-01 5.923234e-08
1.074610e+00 4.378842e-08
1.240940e+00 3.300161e-08
1.433010e+00 2.481910e-08
1.654820e+00 1.861861e-08
1.910950e+00 1.378986e-08
2.206730e+00 1.041502e-08
2.548300e+00 7.845694e-09
2.942730e+00 5.892908e-09
3.398210e+00 4.369020e-09
3.924190e+00 3.299106e-09
4.531580e+00 2.483042e-09
5.232990e+00 1.862117e-09
6.042960e+00 1.379279e-09
6.978310e+00 1.040051e-09
8.058420e+00 7.822781e-10
9.305720e+00 5.868737e-10
1.074610e+01 4.353947e-10
1.240940e+01 3.289630e-10
1.433010e+01 2.479416e-10
1.654820e+01 1.863335e-10
1.910950e+01 1.381210e-10
2.206730e+01 1.043430e-10
2.548300e+01 7.859038e-11
2.942730e+01 5.900905e-11
3.398210e+01 4.364874e-11
3.924190e+01 3.296383e-11
4.531580e+01 2.483523e-11
5.232990e+01 1.866089e-11
6.042960e+01 1.380927e-11
6.978310e+01 1.044162e-11
8.058420e+01 7.876425e-12
9.305720e+01 5.924537e-12
1.074610e+02 4.384682e-12
1.240940e+02 3.315608e-12
1.433010e+02 2.500186e-12
1.654820e+02 1.879203e-12
1.910950e+02 1.388650e-12
2.206730e+02 1.048677e-12
2.548300e+02 7.895654e-13
2.942730e+02 5.924537e-13
3.398210e+02 4.368355e-13
3.924190e+02 3.292560e-13
4.531580e+02 2.473814e-13
5.232990e+02 1.851955e-13
6.042960e+02 1.361519e-13
6.978310e+02 1.023527e-13
8.058420e+02 7.668050e-14
9.305720e+02 5.722452e-14
1.074610e+03 4.190473e-14
1.240940e+03 3.138996e-14
1.433010e+03 2.342557e-14
1.654820e+03 1.740749e-14
1.910950e+03 1.267974e-14
2.206730e+03 9.452536e-15
2.548300e+03 7.017316e-15
2.942730e+03 5.184801e-15
3.398210e+03 3.749650e-15
3.924190e+03 2.777337e-15
4.531580e+03 2.047409e-15
5.232990e+03 1.501221e-15
6.042960e+03 1.075284e-15
6.978310e+03 7.896373e-16
8.058420e+03 5.767020e-16
9.305720e+03 4.185809e-16
1.074610e+04 2.959744e-16
1.240940e+04 2.148891e-16
1.433010e+04 1.550175e-16
1.654820e+04 1.110116e-16
1.910950e+04 7.715448e-17
2.206730e+04 5.518075e-17
2.548300e+04 3.916319e-17
2.942730e+04 2.755295e-17
3.398210e+04 1.871274e-17
3.924190e+04 1.312080e-17
4.531580e+04 9.114320e-18
5.232990e+04 6.264146e-18
6.042960e+04 4.124465e-18
6.978310e+04 2.817291e-18
8.058420e+04 1.902377e-18
9.305720e+04 1.267772e-18
1.074610e+05 8.003930e-19
1.240940e+05 5.281441e-19
1.433010e+05 3.435277e-19
1.654820e+05 2.197791e-19
1.910950e+05 1.310040e-19
2.206730e+05 8.256738e-20
2.548300e+05 5.110536e-20
2.942730e+05 3.097510e-20
3.398210e+05 1.704740e-20
3.924190e+05 1.010808e-20
4.531580e+05 5.857370e-21
5.232990e+05 3.304564e-21
6.042960e+05 1.625276e-21
6.978310e+05 8.882493e-22
8.058420e+05 4.715575e-22
9.305720e+05 2.419411e-22
1.074610e+06 1.012484e-22
1.240940e+06 4.960207e-23
1.433010e+06 2.343312e-23
1.654820e+06 1.060201e-23
1.910950e+06 3.495840e-24
2.206730e+06 1.475181e-24
2.548300e+06 5.953695e-25
2.942730e+06 2.279910e-25
3.398210e+06 5.192753e-26
3.924190e+06 1.769602e-26
4.531580e+06 5.718408e-27
5.232990e+06 1.756299e-27
6.042960e+06 2.196681e-28
6.978310e+06 5.376328e-29
8.058420e+06 1.217705e-29
9.305720e+06 2.678123e-30
1.074610e+07 1.391562e-31
1.240940e+07 1.986015e-32
1.433010e+07 2.395069e-33
1.654820e+07 2.799603e-34
1.910950e+07 4.457106e-36
2.206730e+07 2.592585e-37
2.548300e+07 1.031295e-38
2.942730e+07 3.224714e-40
3.398210e+07 9.356256e-43
3.924190e+07 1.218343e-44
4.531580e+07 7.335629e-47
5.232990e+07 1.970622e-49
6.042960e+07 3.577752e-53
6.978310e+07 2.075012e-56
8.058420e+07 2.714326e-60
9.305720e+07 0.000000e+00
