Ev [GeV]   dN_dEv [s^-1 GeV^-1]
3.398210e-02 3.709051e-08
3.924190e-02 3.571704e-08
4.531580e-02 3.388224e-08
5.232990e-02 3.175526e-08
6.042960e-02 2.913637e-08
6.978310e-02 2.608415e-08
8.058420e-02 2.265517e-08
9.305720e-02 1.896884e-08
1.074610e-01 1.521332e-08
1.240940e-01 1.202156e-08
1.433010e-01 9.333496e-09
1.654820e-01 7.138772e-09
1.910950e-01 5.319823e-09
2.206730e-01 4.004832e-09
2.548300e-01 2.989806e-09
2.942730e-01 2.214383e-09
3.398210e-01 1.616573e-09
3.924190e-01 1.202147e-09
4.531580e-01 8.919227e-10
5.232990e-01 6.604334e-10
6.042960e-01 4.854220e-10
6.978310e-01 3.635461e-10
8.058420e-01 2.720938e-10
9.305720e-01 2.033562e-10
1.074610e+00 1.503443e-10
1.240940e+00 1.133156e-10
1.433010e+00 8.522568e-11
1.654820e+00 6.393847e-11
1.910950e+00 4.735995e-11
2.206730e+00 3.577231e-11
2.548300e+00 2.694977e-11
2.942730e+00 2.024390e-11
3.398210e+00 1.501062e-11
3.924190e+00 1.133598e-11
4.531580e+00 8.532904e-12
5.232990e+00 6.399977e-12
6.042960e+00 4.741243e-12
6.978310e+00 3.575714e-12
8.058420e+00 2.689951e-12
9.305720e+00 2.018410e-12
1.074610e+01 1.497768e-12
1.240940e+01 1.131885e-12
1.433010e+01 8.533152e-13
1.654820e+01 6.414554e-13
1.910950e+01 4.756386e-13
2.206730e+01 3.594318e-13
2.548300e+01 2.708168e-13
2.942730e+01 2.034209e-13
3.398210e+01 1.505427e-13
3.924190e+01 1.137435e-13
4.531580e+01 8.573942e-14
5.232990e+01 6.446079e-14
6.042960e+01 4.773589e-14
6.978310e+01 3.611916e-14
8.058420e+01 2.726619e-14
9.305720e+01 2.052640e-14
1.074610e+02 1.520728e-14
1.240940e+02 1.151080e-14
1.433010e+02 8.689441e-15
1.654820e+02 6.539188e-15
1.910950e+02 4.839637e-15
2.206730e+02 3.660067e-15
2.548300e+02 2.760155e-15
2.942730e+02 2.074802e-15
3.398210e+02 1.533248e-15
3.924190e+02 1.158080e-15
4.531580e+02 8.721256e-16
5.232990e+02 6.545800e-16
6.042960e+02 4.827920e-16
6.978310e+02 3.640324e-16
8.058420e+02 2.736312e-16
9.305720e+02 2.049536e-16
1.074610e+03 1.507773e-16
1.240940e+03 1.134247e-16
1.433010e+03 8.504182e-17
1.654820e+03 6.352002e-17
1.910950e+03 4.656872e-17
2.206730e+03 3.492184e-17
2.548300e+03 2.609329e-17
2.942730e+03 1.941680e-17
3.398210e+03 1.416869e-17
3.924190e+03 1.058006e-17
4.531580e+03 7.868797e-18
5.232990e+03 5.825889e-18
6.042960e+03 4.224468e-18
6.978310e+03 3.136545e-18
8.058420e+03 2.318333e-18
9.305720e+03 1.704853e-18
1.074610e+04 1.225742e-18
1.240940e+04 9.031731e-19
1.433010e+04 6.620663e-19
1.654820e+04 4.824916e-19
1.910950e+04 3.429677e-19
2.206730e+04 2.501652e-19
2.548300e+04 1.813797e-19
2.942730e+04 1.306134e-19
3.398210e+04 9.143774e-20
3.924190e+04 6.580977e-20
4.531580e+04 4.702830e-20
5.232990e+04 3.333578e-20
6.042960e+04 2.286625e-20
6.978310e+04 1.616994e-20
8.058420e+04 1.133680e-20
9.305720e+04 7.870951e-21
1.074610e+05 5.253577e-21
1.240940e+05 3.629937e-21
1.433010e+05 2.481880e-21
1.654820e+05 1.676670e-21
1.910950e+05 1.078738e-21
2.206730e+05 7.229155e-22
2.548300e+05 4.781884e-22
2.942730e+05 3.116219e-22
3.398210e+05 1.907224e-22
3.924190e+05 1.227533e-22
4.531580e+05 7.772721e-23
5.232990e+05 4.829897e-23
6.042960e+05 2.759784e-23
6.978310e+05 1.683631e-23
8.058420e+05 1.006143e-23
9.305720e+05 5.870589e-24
1.074610e+06 3.047589e-24
1.240940e+06 1.731315e-24
1.433010e+06 9.582171e-25
1.654820e+06 5.143826e-25
1.910950e+06 2.330100e-25
2.206730e+06 1.203429e-25
2.548300e+06 6.014642e-26
2.942730e+06 2.891630e-26
3.398210e+06 1.074386e-26
3.924190e+06 4.879120e-27
4.531580e+06 2.127223e-27
5.232990e+06 8.834669e-28
6.042960e+06 2.433231e-28
6.978310e+06 9.237167e-29
8.058420e+06 3.339127e-29
9.305720e+06 1.143062e-29
1.074610e+07 1.947444e-30
1.240940e+07 5.656758e-31
1.433010e+07 1.544926e-31
1.654820e+07 4.049602e-32
1.910950e+07 3.250661e-33
2.206730e+07 6.151055e-34
2.548300e+07 1.039730e-34
2.942730e+07 1.721673e-35
3.398210e+07 4.946266e-37
3.924190e+07 4.608396e-38
4.531580e+07 3.287647e-39
5.232990e+07 2.127130e-40
6.042960e+07 1.454914e-42
6.978310e+07 4.022256e-44
8.058420e+07 4.816356e-46
9.305720e+07 0.000000e+00
