Ev [GeV]   dN_dEv [s^-1 GeV^-1]
3.398210e-02 1.284025e-07
3.924190e-02 1.234987e-07
4.531580e-02 1.169870e-07
5.232990e-02 1.094343e-07
6.042960e-02 1.000699e-07
6.978310e-02 8.928022e-08
8.058420e-02 7.719267e-08
9.305720e-02 6.425596e-08
1.074610e-01 5.099002e-08
1.240940e-01 4.002902e-08
1.433010e-01 3.089609e-08
1.654820e-01 2.350730e-08
1.910950e-01 1.739216e-08
2.206730e-01 1.306273e-08
2.548300e-01 9.740048e-09
2.942730e-01 7.210320e-09
3.398210e-01 5.262261e-09
3.924190e-01 3.912917e-09
4.531580e-01 2.902953e-09
5.232990e-01 2.149365e-09
6.042960e-01 1.579692e-09
6.978310e-01 1.183009e-09
8.058420e-01 8.853644e-10
9.305720e-01 6.616608e-10
1.074610e+00 4.891429e-10
1.240940e+00 3.686478e-10
1.433010e+00 2.772442e-10
1.654820e+00 2.079811e-10
1.910950e+00 1.540411e-10
2.206730e+00 1.163421e-10
2.548300e+00 8.764111e-11
2.942730e+00 6.582731e-11
3.398210e+00 4.880458e-11
3.924190e+00 3.685299e-11
4.531580e+00 2.773707e-11
5.232990e+00 2.080097e-11
6.042960e+00 1.540737e-11
6.978310e+00 1.161800e-11
8.058420e+00 8.738515e-12
9.305720e+00 6.555731e-12
1.074610e+01 4.863620e-12
1.240940e+01 3.674714e-12
1.433010e+01 2.769657e-12
1.654820e+01 2.081457e-12
1.910950e+01 1.542895e-12
2.206730e+01 1.165574e-12
2.548300e+01 8.779016e-13
2.942730e+01 6.591665e-13
3.398210e+01 4.875825e-13
3.924190e+01 3.682257e-13
4.531580e+01 2.774244e-13
5.232990e+01 2.084533e-13
6.042960e+01 1.542579e-13
6.978310e+01 1.166392e-13
8.058420e+01 8.798439e-14
9.305720e+01 6.618063e-14
1.074610e+02 4.897953e-14
1.240940e+02 3.703732e-14
1.433010e+02 2.792858e-14
1.654820e+02 2.099183e-14
1.910950e+02 1.551206e-14
2.206730e+02 1.171436e-14
2.548300e+02 8.819919e-15
2.942730e+02 6.618063e-15
3.398210e+02 4.879715e-15
3.924190e+02 3.677987e-15
4.531580e+02 2.763398e-15
5.232990e+02 2.068744e-15
6.042960e+02 1.520898e-15
6.978310e+02 1.143341e-15
8.058420e+02 8.565671e-16
9.305720e+02 6.392322e-16
1.074610e+03 4.681009e-16
1.240940e+03 3.506447e-16
1.433010e+03 2.616777e-16
1.654820e+03 1.944522e-16
1.910950e+03 1.416403e-16
2.206730e+03 1.055905e-16
2.548300e+03 7.838762e-17
2.942730e+03 5.791734e-17
3.398210e+03 4.188584e-17
3.924190e+03 3.102452e-17
4.531580e+03 2.287078e-17
5.232990e+03 1.676954e-17
6.042960e+03 1.201156e-17
6.978310e+03 8.820722e-18
8.058420e+03 6.442107e-18
9.305720e+03 4.675800e-18
1.074610e+04 3.306211e-18
1.240940e+04 2.400441e-18
1.433010e+04 1.731638e-18
1.654820e+04 1.240066e-18
1.910950e+04 8.618619e-19
2.206730e+04 6.164021e-19
2.548300e+04 4.374763e-19
2.942730e+04 3.077830e-19
3.398210e+04 2.090325e-19
3.924190e+04 1.465672e-19
4.531580e+04 1.018124e-19
5.232990e+04 6.997427e-20
6.042960e+04 4.607275e-20
6.978310e+04 3.147083e-20
8.058420e+04 2.125069e-20
9.305720e+04 1.416178e-20
1.074610e+05 8.940869e-21
1.240940e+05 5.899686e-21
1.433010e+05 3.837411e-21
1.654820e+05 2.455064e-21
1.910950e+05 1.463394e-21
2.206730e+05 9.223272e-22
2.548300e+05 5.708775e-22
2.942730e+05 3.460105e-22
3.398210e+05 1.904297e-22
3.924190e+05 1.129133e-22
4.531580e+05 6.543034e-23
5.232990e+05 3.691397e-23
6.042960e+05 1.815531e-23
6.978310e+05 9.922277e-24
8.058420e+05 5.267580e-24
9.305720e+05 2.702627e-24
1.074610e+06 1.131005e-24
1.240940e+06 5.540849e-25
1.433010e+06 2.617620e-25
1.654820e+06 1.184308e-25
1.910950e+06 3.905063e-26
2.206730e+06 1.647866e-26
2.548300e+06 6.650635e-27
2.942730e+06 2.546796e-27
3.398210e+06 5.800617e-28
3.924190e+06 1.976752e-28
4.531580e+06 6.387805e-29
5.232990e+06 1.961891e-29
6.042960e+06 2.453825e-30
6.978310e+06 6.005681e-31
8.058420e+06 1.360249e-31
9.305720e+06 2.991624e-32
1.074610e+07 1.554458e-33
1.240940e+07 2.218498e-34
1.433010e+07 2.675435e-35
1.654820e+07 3.127324e-36
1.910950e+07 4.978854e-38
2.206730e+07 2.896073e-39
2.548300e+07 1.152018e-40
2.942730e+07 3.602199e-42
3.398210e+07 1.045150e-44
3.924190e+07 1.360962e-46
4.531580e+07 8.194337e-49
5.232990e+07 2.201303e-51
6.042960e+07 3.996564e-55
6.978310e+07 2.317913e-58
8.058420e+07 3.032064e-62
9.305720e+07 0.000000e+00
