Ev [GeV]   dN_dEv [s^-1 GeV^-1]
3.398210e-02 4.894436e-07
3.924190e-02 4.707514e-07
4.531580e-02 4.459299e-07
5.232990e-02 4.171408e-07
6.042960e-02 3.814457e-07
6.978310e-02 3.403176e-07
8.058420e-02 2.942424e-07
9.305720e-02 2.449303e-07
1.074610e-01 1.943633e-07
1.240940e-01 1.525823e-07
1.433010e-01 1.177694e-07
1.654820e-01 8.960494e-08
1.910950e-01 6.629530e-08
2.206730e-01 4.979240e-08
2.548300e-01 3.712703e-08
2.942730e-01 2.748424e-08
3.398210e-01 2.005864e-08
3.924190e-01 1.491522e-08
4.531580e-01 1.106545e-08
5.232990e-01 8.192931e-09
6.042960e-01 6.021456e-09
6.978310e-01 4.509382e-09
8.058420e-01 3.374825e-09
9.305720e-01 2.522113e-09
1.074610e+00 1.864511e-09
1.240940e+00 1.405209e-09
1.433010e+00 1.056797e-09
1.654820e+00 7.927805e-10
1.910950e+00 5.871724e-10
2.206730e+00 4.434717e-10
2.548300e+00 3.340696e-10
2.942730e+00 2.509200e-10
3.398210e+00 1.860329e-10
3.924190e+00 1.404759e-10
4.531580e+00 1.057279e-10
5.232990e+00 7.928895e-11
6.042960e+00 5.872967e-11
6.978310e+00 4.428538e-11
8.058420e+00 3.330940e-11
9.305720e+00 2.498908e-11
1.074610e+01 1.853910e-11
1.240940e+01 1.400724e-11
1.433010e+01 1.055735e-11
1.654820e+01 7.934079e-12
1.910950e+01 5.881193e-12
2.206730e+01 4.442924e-12
2.548300e+01 3.346378e-12
2.942730e+01 2.512605e-12
3.398210e+01 1.858563e-12
3.924190e+01 1.403600e-12
4.531580e+01 1.057484e-12
5.232990e+01 7.945806e-13
6.042960e+01 5.879988e-13
6.978310e+01 4.446042e-13
8.058420e+01 3.353781e-13
9.305720e+01 2.522668e-13
1.074610e+02 1.866997e-13
1.240940e+02 1.411786e-13
1.433010e+02 1.064579e-13
1.654820e+02 8.001647e-14
1.910950e+02 5.912873e-14
2.206730e+02 4.465268e-14
2.548300e+02 3.361969e-14
2.942730e+02 2.522668e-14
3.398210e+02 1.860046e-14
3.924190e+02 1.401972e-14
4.531580e+02 1.053350e-14
5.232990e+02 7.885622e-15
6.042960e+02 5.797345e-15
6.978310e+02 4.358177e-15
8.058420e+02 3.265055e-15
9.305720e+02 2.436620e-15
1.074610e+03 1.784303e-15
1.240940e+03 1.336585e-15
1.433010e+03 9.974607e-16
1.654820e+03 7.412110e-16
1.910950e+03 5.399034e-16
2.206730e+03 4.024890e-16
2.548300e+03 2.987973e-16
2.942730e+03 2.207688e-16
3.398210e+03 1.596601e-16
3.924190e+03 1.182590e-16
4.531580e+03 8.717865e-17
5.232990e+03 6.392200e-17
6.042960e+03 4.578557e-17
6.978310e+03 3.362275e-17
8.058420e+03 2.455597e-17
9.305720e+03 1.782317e-17
1.074610e+04 1.260259e-17
1.240940e+04 9.149979e-18
1.433010e+04 6.600644e-18
1.654820e+04 4.726874e-18
1.910950e+04 3.285238e-18
2.206730e+04 2.349596e-18
2.548300e+04 1.667568e-18
2.942730e+04 1.173205e-18
3.398210e+04 7.967882e-19
3.924190e+04 5.586836e-19
4.531580e+04 3.880877e-19
5.232990e+04 2.667273e-19
6.042960e+04 1.756197e-19
6.978310e+04 1.199602e-19
8.058420e+04 8.100321e-20
9.305720e+04 5.398174e-20
1.074610e+05 3.408073e-20
1.240940e+05 2.248837e-20
1.433010e+05 1.462741e-20
1.654820e+05 9.358192e-21
1.910950e+05 5.578151e-21
2.206730e+05 3.515719e-21
2.548300e+05 2.176066e-21
2.942730e+05 1.318920e-21
3.398210e+05 7.258781e-22
3.924190e+05 4.304019e-22
4.531580e+05 2.494068e-22
5.232990e+05 1.407083e-22
6.042960e+05 6.920425e-23
6.978310e+05 3.782165e-23
8.058420e+05 2.007892e-23
9.305720e+05 1.030185e-23
1.074610e+06 4.311155e-24
1.240940e+06 2.112056e-24
1.433010e+06 9.977821e-25
1.654820e+06 4.514337e-25
1.910950e+06 1.488528e-25
2.206730e+06 6.281321e-26
2.548300e+06 2.535083e-26
2.942730e+06 9.707855e-27
3.398210e+06 2.211074e-27
3.924190e+06 7.534965e-28
4.531580e+06 2.434898e-28
5.232990e+06 7.478320e-29
6.042960e+06 9.353467e-30
6.978310e+06 2.289240e-30
8.058420e+06 5.184986e-31
9.305720e+06 1.140345e-31
1.074610e+07 5.925269e-33
1.240940e+07 8.456450e-34
1.433010e+07 1.019820e-34
1.654820e+07 1.192071e-35
1.910950e+07 1.897835e-37
2.206730e+07 1.103922e-38
2.548300e+07 4.391253e-40
2.942730e+07 1.373083e-41
3.398210e+07 3.983893e-44
3.924190e+07 5.187703e-46
4.531580e+07 3.123510e-48
5.232990e+07 8.390910e-51
6.042960e+07 1.523407e-54
6.978310e+07 8.835401e-58
8.058420e+07 1.155760e-61
9.305720e+07 0.000000e+00
