Ev [GeV]   dN_dEv [s^-1 GeV^-1]
3.398210e-02 5.774678e-07
3.924190e-02 5.554139e-07
4.531580e-02 5.261284e-07
5.232990e-02 4.921617e-07
6.042960e-02 4.500469e-07
6.978310e-02 4.015221e-07
8.058420e-02 3.471605e-07
9.305720e-02 2.889799e-07
1.074610e-01 2.293187e-07
1.240940e-01 1.800235e-07
1.433010e-01 1.389497e-07
1.654820e-01 1.057200e-07
1.910950e-01 7.821821e-08
2.206730e-01 5.874734e-08
2.548300e-01 4.380416e-08
2.942730e-01 3.242715e-08
3.398210e-01 2.366609e-08
3.924190e-01 1.759766e-08
4.531580e-01 1.305552e-08
5.232990e-01 9.666392e-09
6.042960e-01 7.104387e-09
6.978310e-01 5.320374e-09
8.058420e-01 3.981771e-09
9.305720e-01 2.975703e-09
1.074610e+00 2.199834e-09
1.240940e+00 1.657929e-09
1.433010e+00 1.246857e-09
1.654820e+00 9.353584e-10
1.910950e+00 6.927726e-10
2.206730e+00 5.232280e-10
2.548300e+00 3.941505e-10
2.942730e+00 2.960468e-10
3.398210e+00 2.194900e-10
3.924190e+00 1.657398e-10
4.531580e+00 1.247426e-10
5.232990e+00 9.354870e-11
6.042960e+00 6.929193e-11
6.978310e+00 5.224990e-11
8.058420e+00 3.929994e-11
9.305720e+00 2.948325e-11
1.074610e+01 2.187328e-11
1.240940e+01 1.652638e-11
1.433010e+01 1.245604e-11
1.654820e+01 9.360987e-12
1.910950e+01 6.938899e-12
2.206730e+01 5.241963e-12
2.548300e+01 3.948209e-12
2.942730e+01 2.964486e-12
3.398210e+01 2.192817e-12
3.924190e+01 1.656031e-12
4.531580e+01 1.247667e-12
5.232990e+01 9.374823e-13
6.042960e+01 6.937477e-13
6.978310e+01 5.245642e-13
8.058420e+01 3.956943e-13
9.305720e+01 2.976358e-13
1.074610e+02 2.202768e-13
1.240940e+02 1.665689e-13
1.433010e+02 1.256039e-13
1.654820e+02 9.440707e-14
1.910950e+02 6.976276e-14
2.206730e+02 5.268326e-14
2.548300e+02 3.966604e-14
2.942730e+02 2.976358e-14
3.398210e+02 2.194566e-14
3.924190e+02 1.654110e-14
4.531580e+02 1.242790e-14
5.232990e+02 9.303815e-15
6.042960e+02 6.839971e-15
6.978310e+02 5.141975e-15
8.058420e+02 3.852260e-15
9.305720e+02 2.874835e-15
1.074610e+03 2.105202e-15
1.240940e+03 1.576963e-15
1.433010e+03 1.176849e-15
1.654820e+03 8.745145e-16
1.910950e+03 6.370026e-16
2.206730e+03 4.748747e-16
2.548300e+03 3.525346e-16
2.942730e+03 2.604731e-16
3.398210e+03 1.883742e-16
3.924190e+03 1.395273e-16
4.531580e+03 1.028573e-16
5.232990e+03 7.541808e-17
6.042960e+03 5.401990e-17
6.978310e+03 3.966965e-17
8.058420e+03 2.897225e-17
9.305720e+03 2.102859e-17
1.074610e+04 1.486910e-17
1.240940e+04 1.079556e-17
1.433010e+04 7.787739e-18
1.654820e+04 5.576981e-18
1.910950e+04 3.876073e-18
2.206730e+04 2.772160e-18
2.548300e+04 1.967473e-18
2.942730e+04 1.384200e-18
3.398210e+04 9.400870e-19
3.924190e+04 6.591603e-19
4.531580e+04 4.578835e-19
5.232990e+04 3.146970e-19
6.042960e+04 2.072041e-19
6.978310e+04 1.415345e-19
8.058420e+04 9.557127e-20
9.305720e+04 6.369010e-20
1.074610e+05 4.020999e-20
1.240940e+05 2.653280e-20
1.433010e+05 1.725808e-20
1.654820e+05 1.104122e-20
1.910950e+05 6.581356e-21
2.206730e+05 4.148005e-21
2.548300e+05 2.567421e-21
2.942730e+05 1.556121e-21
3.398210e+05 8.564240e-22
3.924190e+05 5.078077e-22
4.531580e+05 2.942615e-22
5.232990e+05 1.660141e-22
6.042960e+05 8.165032e-23
6.978310e+05 4.462370e-23
8.058420e+05 2.369002e-23
9.305720e+05 1.215459e-23
1.074610e+06 5.086496e-24
1.240940e+06 2.491900e-24
1.433010e+06 1.177229e-24
1.654820e+06 5.326220e-25
1.910950e+06 1.756233e-25
2.206730e+06 7.410988e-26
2.548300e+06 2.991006e-26
2.942730e+06 1.145377e-26
3.398210e+06 2.608726e-27
3.924190e+06 8.890094e-28
4.531580e+06 2.872803e-28
5.232990e+06 8.823262e-29
6.042960e+06 1.103565e-29
6.978310e+06 2.700950e-30
8.058420e+06 6.117482e-31
9.305720e+06 1.345430e-31
1.074610e+07 6.990902e-33
1.240940e+07 9.977304e-34
1.433010e+07 1.203230e-34
1.654820e+07 1.406459e-35
1.910950e+07 2.239152e-37
2.206730e+07 1.302458e-38
2.548300e+07 5.181000e-40
2.942730e+07 1.620026e-41
3.398210e+07 4.700378e-44
3.924190e+07 6.120687e-46
4.531580e+07 3.685260e-48
5.232990e+07 9.899976e-51
6.042960e+07 1.797384e-54
6.978310e+07 1.042441e-57
8.058420e+07 1.363618e-61
9.305720e+07 0.000000e+00
