Ev [GeV]   dN_dEv [s^-1 GeV^-1]
3.398210e-02 3.112645e-07
3.924190e-02 2.993771e-07
4.531580e-02 2.835917e-07
5.232990e-02 2.652831e-07
6.042960e-02 2.425826e-07
6.978310e-02 2.164269e-07
8.058420e-02 1.871251e-07
9.305720e-02 1.557648e-07
1.074610e-01 1.236065e-07
1.240940e-01 9.703559e-08
1.433010e-01 7.489616e-08
1.654820e-01 5.698478e-08
1.910950e-01 4.216088e-08
2.206730e-01 3.166577e-08
2.548300e-01 2.361115e-08
2.942730e-01 1.747876e-08
3.398210e-01 1.275641e-08
3.924190e-01 9.485423e-09
4.531580e-01 7.037138e-09
5.232990e-01 5.210342e-09
6.042960e-01 3.829380e-09
6.978310e-01 2.867768e-09
8.058420e-01 2.146239e-09
9.305720e-01 1.603952e-09
1.074610e+00 1.185746e-09
1.240940e+00 8.936505e-10
1.433010e+00 6.720762e-10
1.654820e+00 5.041733e-10
1.910950e+00 3.734157e-10
2.206730e+00 2.820284e-10
2.548300e+00 2.124535e-10
2.942730e+00 1.595740e-10
3.398210e+00 1.183087e-10
3.924190e+00 8.933646e-11
4.531580e+00 6.723827e-11
5.232990e+00 5.042427e-11
6.042960e+00 3.734947e-11
6.978310e+00 2.816354e-11
8.058420e+00 2.118330e-11
9.305720e+00 1.589195e-11
1.074610e+01 1.179005e-11
1.240940e+01 8.907988e-12
1.433010e+01 6.714010e-12
1.654820e+01 5.045724e-12
1.910950e+01 3.740179e-12
2.206730e+01 2.825503e-12
2.548300e+01 2.128148e-12
2.942730e+01 1.597906e-12
3.398210e+01 1.181964e-12
3.924190e+01 8.926274e-13
4.531580e+01 6.725129e-13
5.232990e+01 5.053181e-13
6.042960e+01 3.739412e-13
6.978310e+01 2.827486e-13
8.058420e+01 2.132857e-13
9.305720e+01 1.604305e-13
1.074610e+02 1.187328e-13
1.240940e+02 8.978332e-14
1.433010e+02 6.770253e-14
1.654820e+02 5.088694e-14
1.910950e+02 3.760326e-14
2.206730e+02 2.839713e-14
2.548300e+02 2.138064e-14
2.942730e+02 1.604305e-14
3.398210e+02 1.182907e-14
3.924190e+02 8.915920e-15
4.531580e+02 6.698839e-15
5.232990e+02 5.014907e-15
6.042960e+02 3.686855e-15
6.978310e+02 2.771608e-15
8.058420e+02 2.076431e-15
9.305720e+02 1.549582e-15
1.074610e+03 1.134738e-15
1.240940e+03 8.500087e-16
1.433010e+03 6.343409e-16
1.654820e+03 4.713774e-16
1.910950e+03 3.433547e-16
2.206730e+03 2.559652e-16
2.548300e+03 1.900218e-16
2.942730e+03 1.403992e-16
3.398210e+03 1.015368e-16
3.924190e+03 7.520749e-17
4.531580e+03 5.544176e-17
5.232990e+03 4.065157e-17
6.042960e+03 2.911760e-17
6.978310e+03 2.138258e-17
8.058420e+03 1.561651e-17
9.305720e+03 1.133475e-17
1.074610e+04 8.014688e-18
1.240940e+04 5.818982e-18
1.433010e+04 4.197717e-18
1.654820e+04 3.006083e-18
1.910950e+04 2.089266e-18
2.206730e+04 1.494239e-18
2.548300e+04 1.060500e-18
2.942730e+04 7.461062e-19
3.398210e+04 5.067221e-19
3.924190e+04 3.552981e-19
4.531580e+04 2.468066e-19
5.232990e+04 1.696268e-19
6.042960e+04 1.116864e-19
6.978310e+04 7.628941e-20
8.058420e+04 5.151446e-20
9.305720e+04 3.433000e-20
1.074610e+05 2.167384e-20
1.240940e+05 1.430161e-20
1.433010e+05 9.302385e-21
1.654820e+05 5.951396e-21
1.910950e+05 3.547457e-21
2.206730e+05 2.235842e-21
2.548300e+05 1.383882e-21
2.942730e+05 8.387746e-22
3.398210e+05 4.616264e-22
3.924190e+05 2.737166e-22
4.531580e+05 1.586117e-22
5.232990e+05 8.948428e-23
6.042960e+05 4.401084e-23
6.978310e+05 2.405290e-23
8.058420e+05 1.276930e-23
9.305720e+05 6.551521e-24
1.074610e+06 2.741704e-24
1.240940e+06 1.343174e-24
1.433010e+06 6.345453e-25
1.654820e+06 2.870919e-25
1.910950e+06 9.466383e-26
2.206730e+06 3.994643e-26
2.548300e+06 1.612201e-26
2.942730e+06 6.173766e-27
3.398210e+06 1.406145e-27
3.924190e+06 4.791904e-28
4.531580e+06 1.548487e-28
5.232990e+06 4.755881e-29
6.042960e+06 5.948391e-30
6.978310e+06 1.455856e-30
8.058420e+06 3.297422e-31
9.305720e+06 7.252087e-32
1.074610e+07 3.768209e-33
1.240940e+07 5.377928e-34
1.433010e+07 6.485605e-35
1.654820e+07 7.581043e-36
1.910950e+07 1.206939e-37
2.206730e+07 7.020459e-39
2.548300e+07 2.792643e-40
2.942730e+07 8.732202e-42
3.398210e+07 2.533580e-44
3.924190e+07 3.299149e-46
4.531580e+07 1.986415e-48
5.232990e+07 5.336247e-51
6.042960e+07 9.688193e-55
6.978310e+07 5.618924e-58
8.058420e+07 7.350121e-62
9.305720e+07 0.000000e+00
