Ev [GeV]   dN_dEv [s^-1 GeV^-1]
3.398210e-02 8.431430e-07
3.924190e-02 8.109429e-07
4.531580e-02 7.681840e-07
5.232990e-02 7.185902e-07
6.042960e-02 6.570998e-07
6.978310e-02 5.862502e-07
8.058420e-02 5.068784e-07
9.305720e-02 4.219307e-07
1.074610e-01 3.348212e-07
1.240940e-01 2.628468e-07
1.433010e-01 2.028763e-07
1.654820e-01 1.543585e-07
1.910950e-01 1.142040e-07
2.206730e-01 8.577519e-08
2.548300e-01 6.395711e-08
2.942730e-01 4.734589e-08
3.398210e-01 3.455414e-08
3.924190e-01 2.569380e-08
4.531580e-01 1.906197e-08
5.232990e-01 1.411360e-08
6.042960e-01 1.037290e-08
6.978310e-01 7.768115e-09
8.058420e-01 5.813663e-09
9.305720e-01 4.344733e-09
1.074610e+00 3.211911e-09
1.240940e+00 2.420691e-09
1.433010e+00 1.820498e-09
1.654820e+00 1.365688e-09
1.910950e+00 1.011496e-09
2.206730e+00 7.639493e-10
2.548300e+00 5.754871e-10
2.942730e+00 4.322489e-10
3.398210e+00 3.204707e-10
3.924190e+00 2.419917e-10
4.531580e+00 1.821328e-10
5.232990e+00 1.365876e-10
6.042960e+00 1.011710e-10
6.978310e+00 7.628848e-11
8.058420e+00 5.738064e-11
9.305720e+00 4.304759e-11
1.074610e+01 3.193650e-11
1.240940e+01 2.412967e-11
1.433010e+01 1.818669e-11
1.654820e+01 1.366769e-11
1.910950e+01 1.013127e-11
2.206730e+01 7.653630e-12
2.548300e+01 5.764659e-12
2.942730e+01 4.328355e-12
3.398210e+01 3.201665e-12
3.924190e+01 2.417920e-12
4.531580e+01 1.821681e-12
5.232990e+01 1.368789e-12
6.042960e+01 1.012920e-12
6.978310e+01 7.659002e-13
8.058420e+01 5.777412e-13
9.305720e+01 4.345689e-13
1.074610e+02 3.216195e-13
1.240940e+02 2.432021e-13
1.433010e+02 1.833904e-13
1.654820e+02 1.378409e-13
1.910950e+02 1.018585e-13
2.206730e+02 7.692122e-14
2.548300e+02 5.791517e-14
2.942730e+02 4.345689e-14
3.398210e+02 3.204219e-14
3.924190e+02 2.415115e-14
4.531580e+02 1.814560e-14
5.232990e+02 1.358422e-14
6.042960e+02 9.986833e-15
6.978310e+02 7.507640e-15
8.058420e+02 5.624568e-15
9.305720e+02 4.197458e-15
1.074610e+03 3.073741e-15
1.240940e+03 2.302476e-15
1.433010e+03 1.718282e-15
1.654820e+03 1.276852e-15
1.910950e+03 9.300680e-16
2.206730e+03 6.933501e-16
2.548300e+03 5.147250e-16
2.942730e+03 3.803088e-16
3.398210e+03 2.750395e-16
3.924190e+03 2.037196e-16
4.531580e+03 1.501788e-16
5.232990e+03 1.101156e-16
6.042960e+03 7.887280e-17
6.978310e+03 5.792044e-17
8.058420e+03 4.230149e-17
9.305720e+03 3.070320e-17
1.074610e+04 2.170993e-17
1.240940e+04 1.576227e-17
1.433010e+04 1.137064e-17
1.654820e+04 8.142779e-18
1.910950e+04 5.659335e-18
2.206730e+04 4.047547e-18
2.548300e+04 2.872647e-18
2.942730e+04 2.021028e-18
3.398210e+04 1.372592e-18
3.924190e+04 9.624198e-19
4.531580e+04 6.685417e-19
5.232990e+04 4.594795e-19
6.042960e+04 3.025324e-19
6.978310e+04 2.066503e-19
8.058420e+04 1.395407e-19
9.305720e+04 9.299197e-20
1.074610e+05 5.870938e-20
1.240940e+05 3.873974e-20
1.433010e+05 2.519800e-20
1.654820e+05 1.612095e-20
1.910950e+05 9.609237e-21
2.206730e+05 6.056375e-21
2.548300e+05 3.748613e-21
2.942730e+05 2.272045e-21
3.398210e+05 1.250439e-21
3.924190e+05 7.414345e-22
4.531580e+05 4.296422e-22
5.232990e+05 2.423921e-22
6.042960e+05 1.192151e-22
6.978310e+05 6.515370e-23
8.058420e+05 3.458907e-23
9.305720e+05 1.774655e-23
1.074610e+06 7.426637e-24
1.240940e+06 3.638346e-24
1.433010e+06 1.718836e-24
1.654820e+06 7.776651e-25
1.910950e+06 2.564223e-25
2.206730e+06 1.082056e-25
2.548300e+06 4.367077e-26
2.942730e+06 1.672330e-26
3.398210e+06 3.808921e-27
3.924190e+06 1.298015e-27
4.531580e+06 4.194492e-28
5.232990e+06 1.288258e-28
6.042960e+06 1.611281e-29
6.978310e+06 3.943574e-30
8.058420e+06 8.931949e-31
9.305720e+06 1.964422e-31
1.074610e+07 1.020720e-32
1.240940e+07 1.456756e-33
1.433010e+07 1.756800e-34
1.654820e+07 2.053528e-35
1.910950e+07 3.269318e-37
2.206730e+07 1.901679e-38
2.548300e+07 7.564619e-40
2.942730e+07 2.365350e-41
3.398210e+07 6.862879e-44
3.924190e+07 8.936628e-46
4.531580e+07 5.380735e-48
5.232990e+07 1.445465e-50
6.042960e+07 2.624306e-54
6.978310e+07 1.522036e-57
8.058420e+07 1.990977e-61
9.305720e+07 0.000000e+00
