Ev [GeV]   dN_dEv [s^-1 GeV^-1]
3.398210e-02 1.690380e-06
3.924190e-02 1.625823e-06
4.531580e-02 1.540098e-06
5.232990e-02 1.440670e-06
6.042960e-02 1.317390e-06
6.978310e-02 1.175347e-06
8.058420e-02 1.016218e-06
9.305720e-02 8.459101e-07
1.074610e-01 6.712681e-07
1.240940e-01 5.269699e-07
1.433010e-01 4.067376e-07
1.654820e-01 3.094665e-07
1.910950e-01 2.289626e-07
2.206730e-01 1.719669e-07
2.548300e-01 1.282248e-07
2.942730e-01 9.492167e-08
3.398210e-01 6.927606e-08
3.924190e-01 5.151236e-08
4.531580e-01 3.821650e-08
5.232990e-01 2.829574e-08
6.042960e-01 2.079616e-08
6.978310e-01 1.557395e-08
8.058420e-01 1.165555e-08
9.305720e-01 8.710563e-09
1.074610e+00 6.439417e-09
1.240940e+00 4.853136e-09
1.433010e+00 3.649835e-09
1.654820e+00 2.738008e-09
1.910950e+00 2.027904e-09
2.206730e+00 1.531608e-09
2.548300e+00 1.153769e-09
2.942730e+00 8.665966e-10
3.398210e+00 6.424974e-10
3.924190e+00 4.851584e-10
4.531580e+00 3.651500e-10
5.232990e+00 2.738384e-10
6.042960e+00 2.028333e-10
6.978310e+00 1.529474e-10
8.058420e+00 1.150399e-10
9.305720e+00 8.630420e-11
1.074610e+01 6.402808e-11
1.240940e+01 4.837650e-11
1.433010e+01 3.646169e-11
1.654820e+01 2.740175e-11
1.910950e+01 2.031174e-11
2.206730e+01 1.534442e-11
2.548300e+01 1.155731e-11
2.942730e+01 8.677726e-12
3.398210e+01 6.418876e-12
3.924190e+01 4.847580e-12
4.531580e+01 3.652207e-12
5.232990e+01 2.744225e-12
6.042960e+01 2.030758e-12
6.978310e+01 1.535519e-12
8.058420e+01 1.158288e-12
9.305720e+01 8.712479e-13
1.074610e+02 6.448006e-13
1.240940e+02 4.875851e-13
1.433010e+02 3.676713e-13
1.654820e+02 2.763510e-13
1.910950e+02 2.042115e-13
2.206730e+02 1.542159e-13
2.548300e+02 1.161115e-13
2.942730e+02 8.712479e-14
3.398210e+02 6.423996e-14
3.924190e+02 4.841957e-14
4.531580e+02 3.637930e-14
5.232990e+02 2.723439e-14
6.042960e+02 2.002216e-14
6.978310e+02 1.505173e-14
8.058420e+02 1.127645e-14
9.305720e+02 8.415297e-15
1.074610e+03 6.162407e-15
1.240940e+03 4.616131e-15
1.433010e+03 3.444907e-15
1.654820e+03 2.559903e-15
1.910950e+03 1.864652e-15
2.206730e+03 1.390067e-15
2.548300e+03 1.031949e-15
2.942730e+03 7.624641e-16
3.398210e+03 5.514144e-16
3.924190e+03 4.084283e-16
4.531580e+03 3.010869e-16
5.232990e+03 2.207659e-16
6.042960e+03 1.581286e-16
6.978310e+03 1.161221e-16
8.058420e+03 8.480838e-17
9.305720e+03 6.155548e-17
1.074610e+04 4.352526e-17
1.240940e+04 3.160107e-17
1.433010e+04 2.279649e-17
1.654820e+04 1.632510e-17
1.910950e+04 1.134615e-17
2.206730e+04 8.114746e-18
2.548300e+04 5.759243e-18
2.942730e+04 4.051870e-18
3.398210e+04 2.751849e-18
3.924190e+04 1.929513e-18
4.531580e+04 1.340330e-18
5.232990e+04 9.211900e-19
6.042960e+04 6.065337e-19
6.978310e+04 4.143039e-19
8.058420e+04 2.797589e-19
9.305720e+04 1.864355e-19
1.074610e+05 1.177038e-19
1.240940e+05 7.766757e-20
1.433010e+05 5.051834e-20
1.654820e+05 3.232017e-20
1.910950e+05 1.926513e-20
2.206730e+05 1.214216e-20
2.548300e+05 7.515428e-21
2.942730e+05 4.555122e-21
3.398210e+05 2.506949e-21
3.924190e+05 1.486469e-21
4.531580e+05 8.613705e-22
5.232990e+05 4.859611e-22
6.042960e+05 2.390091e-22
6.978310e+05 1.306238e-22
8.058420e+05 6.934609e-23
9.305720e+05 3.557926e-23
1.074610e+06 1.488933e-23
1.240940e+06 7.294359e-24
1.433010e+06 3.446017e-24
1.654820e+06 1.559106e-24
1.910950e+06 5.140896e-25
2.206730e+06 2.169365e-25
2.548300e+06 8.755358e-26
2.942730e+06 3.352779e-26
3.398210e+06 7.636336e-27
3.924190e+06 2.602333e-27
4.531580e+06 8.409351e-28
5.232990e+06 2.582770e-28
6.042960e+06 3.230385e-29
6.978310e+06 7.906296e-30
8.058420e+06 1.790727e-30
9.305720e+06 3.938382e-31
1.074610e+07 2.046397e-32
1.240940e+07 2.920585e-33
1.433010e+07 3.522129e-34
1.654820e+07 4.117027e-35
1.910950e+07 6.554510e-37
2.206730e+07 3.812591e-38
2.548300e+07 1.516597e-39
2.942730e+07 4.742186e-41
3.398210e+07 1.375908e-43
3.924190e+07 1.791665e-45
4.531580e+07 1.078760e-47
5.232990e+07 2.897949e-50
6.042960e+07 5.261355e-54
6.978310e+07 3.051462e-57
8.058420e+07 3.991621e-61
9.305720e+07 0.000000e+00
