Ev [GeV]   dN_dEv [s^-1 GeV^-1]
3.398210e-02 1.081868e-07
3.924190e-02 1.040550e-07
4.531580e-02 9.856849e-08
5.232990e-02 9.220494e-08
6.042960e-02 8.431487e-08
6.978310e-02 7.522390e-08
8.058420e-02 6.503942e-08
9.305720e-02 5.413947e-08
1.074610e-01 4.296213e-08
1.240940e-01 3.372684e-08
1.433010e-01 2.603180e-08
1.654820e-01 1.980630e-08
1.910950e-01 1.465393e-08
2.206730e-01 1.100613e-08
2.548300e-01 8.206571e-09
2.942730e-01 6.075125e-09
3.398210e-01 4.433768e-09
3.924190e-01 3.296866e-09
4.531580e-01 2.445911e-09
5.232990e-01 1.810968e-09
6.042960e-01 1.330985e-09
6.978310e-01 9.967553e-10
8.058420e-01 7.459723e-10
9.305720e-01 5.574886e-10
1.074610e+00 4.121320e-10
1.240940e+00 3.106078e-10
1.433010e+00 2.335948e-10
1.654820e+00 1.752364e-10
1.910950e+00 1.297888e-10
2.206730e+00 9.802512e-11
2.548300e+00 7.384286e-11
2.942730e+00 5.546344e-11
3.398210e+00 4.112076e-11
3.924190e+00 3.105084e-11
4.531580e+00 2.337013e-11
5.232990e+00 1.752605e-11
6.042960e+00 1.298163e-11
6.978310e+00 9.788854e-12
8.058420e+00 7.362720e-12
9.305720e+00 5.523594e-12
1.074610e+01 4.097890e-12
1.240940e+01 3.096166e-12
1.433010e+01 2.333601e-12
1.654820e+01 1.753751e-12
1.910950e+01 1.299981e-12
2.206730e+01 9.820653e-13
2.548300e+01 7.396844e-13
2.942730e+01 5.553870e-13
3.398210e+01 4.108173e-13
3.924190e+01 3.102521e-13
4.531580e+01 2.337466e-13
5.232990e+01 1.756344e-13
6.042960e+01 1.299714e-13
6.978310e+01 9.827545e-14
8.058420e+01 7.413209e-14
9.305720e+01 5.576113e-14
1.074610e+02 4.126817e-14
1.240940e+02 3.120615e-14
1.433010e+02 2.353149e-14
1.654820e+02 1.768687e-14
1.910950e+02 1.306983e-14
2.206730e+02 9.870042e-15
2.548300e+02 7.431307e-15
2.942730e+02 5.576113e-15
3.398210e+02 4.111451e-15
3.924190e+02 3.098923e-15
4.531580e+02 2.328328e-15
5.232990e+02 1.743040e-15
6.042960e+02 1.281447e-15
6.978310e+02 9.633328e-16
8.058420e+02 7.217088e-16
9.305720e+02 5.385912e-16
1.074610e+03 3.944029e-16
1.240940e+03 2.954391e-16
1.433010e+03 2.204790e-16
1.654820e+03 1.638375e-16
1.910950e+03 1.193404e-16
2.206730e+03 8.896629e-17
2.548300e+03 6.604624e-17
2.942730e+03 4.879881e-17
3.398210e+03 3.529132e-17
3.924190e+03 2.614000e-17
4.531580e+03 1.927000e-17
5.232990e+03 1.412934e-17
6.042960e+03 1.012046e-17
6.978310e+03 7.431984e-18
8.058420e+03 5.427859e-18
9.305720e+03 3.939640e-18
1.074610e+04 2.785680e-18
1.240940e+04 2.022514e-18
1.433010e+04 1.459008e-18
1.654820e+04 1.044830e-18
1.910950e+04 7.261700e-19
2.206730e+04 5.193555e-19
2.548300e+04 3.685999e-19
2.942730e+04 2.593255e-19
3.398210e+04 1.761223e-19
3.924190e+04 1.234916e-19
4.531580e+04 8.578303e-20
5.232990e+04 5.895749e-20
6.042960e+04 3.881903e-20
6.978310e+04 2.651605e-20
8.058420e+04 1.790498e-20
9.305720e+04 1.193214e-20
1.074610e+05 7.533215e-21
1.240940e+05 4.970837e-21
1.433010e+05 3.233247e-21
1.654820e+05 2.068538e-21
1.910950e+05 1.232996e-21
2.206730e+05 7.771156e-22
2.548300e+05 4.809983e-22
2.942730e+05 2.915344e-22
3.398210e+05 1.604483e-22
3.924190e+05 9.513617e-23
4.531580e+05 5.512896e-23
5.232990e+05 3.110222e-23
6.042960e+05 1.529693e-23
6.978310e+05 8.360109e-24
8.058420e+05 4.438250e-24
9.305720e+05 2.277124e-24
1.074610e+06 9.529390e-25
1.240940e+06 4.668495e-25
1.433010e+06 2.205501e-25
1.654820e+06 9.978505e-26
1.910950e+06 3.290248e-26
2.206730e+06 1.388425e-26
2.548300e+06 5.603556e-27
2.942730e+06 2.145827e-27
3.398210e+06 4.887365e-28
3.924190e+06 1.665531e-28
4.531580e+06 5.382106e-29
5.232990e+06 1.653010e-29
6.042960e+06 2.067493e-30
6.978310e+06 5.060144e-31
8.058420e+06 1.146091e-31
9.305720e+06 2.520621e-32
1.074610e+07 1.309723e-33
1.240940e+07 1.869216e-34
1.433010e+07 2.254214e-35
1.654820e+07 2.634957e-36
1.910950e+07 4.194982e-38
2.206730e+07 2.440114e-39
2.548300e+07 9.706439e-41
2.942730e+07 3.035067e-42
3.398210e+07 8.806011e-45
3.924190e+07 1.146691e-46
4.531580e+07 6.904218e-49
5.232990e+07 1.854729e-51
6.042960e+07 3.367343e-55
6.978310e+07 1.952980e-58
8.058420e+07 2.554695e-62
9.305720e+07 0.000000e+00
