Ev [GeV]   dN_dEv [s^-1 GeV^-1]
3.398210e-02 7.289934e-09
3.924190e-02 7.019985e-09
4.531580e-02 6.659366e-09
5.232990e-02 6.241319e-09
6.042960e-02 5.726591e-09
6.978310e-02 5.126695e-09
8.058420e-02 4.452747e-09
9.305720e-02 3.728220e-09
1.074610e-01 2.990093e-09
1.240940e-01 2.362771e-09
1.433010e-01 1.834447e-09
1.654820e-01 1.403086e-09
1.910950e-01 1.045582e-09
2.206730e-01 7.871275e-10
2.548300e-01 5.876297e-10
2.942730e-01 4.352246e-10
3.398210e-01 3.177284e-10
3.924190e-01 2.362753e-10
4.531580e-01 1.753024e-10
5.232990e-01 1.298045e-10
6.042960e-01 9.540700e-11
6.978310e-01 7.145296e-11
8.058420e-01 5.347853e-11
9.305720e-01 3.996854e-11
1.074610e+00 2.954933e-11
1.240940e+00 2.227155e-11
1.433010e+00 1.675063e-11
1.654820e+00 1.256675e-11
1.910950e+00 9.308334e-12
2.206730e+00 7.030849e-12
2.548300e+00 5.296827e-12
2.942730e+00 3.978826e-12
3.398210e+00 2.950254e-12
3.924190e+00 2.228024e-12
4.531580e+00 1.677095e-12
5.232990e+00 1.257880e-12
6.042960e+00 9.318650e-13
6.978310e+00 7.027868e-13
8.058420e+00 5.286949e-13
9.305720e+00 3.967073e-13
1.074610e+01 2.943779e-13
1.240940e+01 2.224657e-13
1.433010e+01 1.677144e-13
1.654820e+01 1.260745e-13
1.910950e+01 9.348413e-14
2.206730e+01 7.064432e-14
2.548300e+01 5.322754e-14
2.942730e+01 3.998125e-14
3.398210e+01 2.958834e-14
3.924190e+01 2.235565e-14
4.531580e+01 1.685161e-14
5.232990e+01 1.266941e-14
6.042960e+01 9.382224e-15
6.978310e+01 7.099019e-15
8.058420e+01 5.359018e-15
9.305720e+01 4.034350e-15
1.074610e+02 2.988906e-15
1.240940e+02 2.262383e-15
1.433010e+02 1.707861e-15
1.654820e+02 1.285241e-15
1.910950e+02 9.512038e-16
2.206730e+02 7.193658e-16
2.548300e+02 5.424932e-16
2.942730e+02 4.077908e-16
3.398210e+02 3.013514e-16
3.924190e+02 2.276143e-16
4.531580e+02 1.714114e-16
5.232990e+02 1.286541e-16
6.042960e+02 9.489008e-17
6.978310e+02 7.154855e-17
8.058420e+02 5.378070e-17
9.305720e+02 4.028250e-17
1.074610e+03 2.963443e-17
1.240940e+03 2.229300e-17
1.433010e+03 1.671450e-17
1.654820e+03 1.248451e-17
1.910950e+03 9.152824e-18
2.206730e+03 6.863694e-18
2.548300e+03 5.128492e-18
2.942730e+03 3.816263e-18
3.398210e+03 2.784777e-18
3.924190e+03 2.079453e-18
4.531580e+03 1.546568e-18
5.232990e+03 1.145046e-18
6.042960e+03 8.302956e-19
6.978310e+03 6.164706e-19
8.058420e+03 4.556554e-19
9.305720e+03 3.350793e-19
1.074610e+04 2.409127e-19
1.240940e+04 1.775137e-19
1.433010e+04 1.301254e-19
1.654820e+04 9.483105e-20
1.910950e+04 6.740839e-20
2.206730e+04 4.916859e-20
2.548300e+04 3.564918e-20
2.942730e+04 2.567134e-20
3.398210e+04 1.797158e-20
3.924190e+04 1.293455e-20
4.531580e+04 9.243150e-21
5.232990e+04 6.551963e-21
6.042960e+04 4.494233e-21
6.978310e+04 3.178113e-21
8.058420e+04 2.228185e-21
9.305720e+04 1.546992e-21
1.074610e+05 1.032561e-21
1.240940e+05 7.134440e-22
1.433010e+05 4.877997e-22
1.654820e+05 3.295402e-22
1.910950e+05 2.120200e-22
2.206730e+05 1.420850e-22
2.548300e+05 9.398527e-23
2.942730e+05 6.124755e-23
3.398210e+05 3.748542e-23
3.924190e+05 2.412649e-23
4.531580e+05 1.527685e-23
5.232990e+05 9.492894e-24
6.042960e+05 5.424202e-24
6.978310e+05 3.309083e-24
8.058420e+05 1.977519e-24
9.305720e+05 1.153832e-24
1.074610e+06 5.989867e-25
1.240940e+06 3.402803e-25
1.433010e+06 1.883322e-25
1.654820e+06 1.010991e-25
1.910950e+06 4.579681e-26
2.206730e+06 2.365272e-26
2.548300e+06 1.182144e-26
2.942730e+06 5.683338e-27
3.398210e+06 2.111646e-27
3.924190e+06 9.589640e-28
4.531580e+06 4.180939e-28
5.232990e+06 1.736405e-28
6.042960e+06 4.782379e-29
6.978310e+06 1.815514e-29
8.058420e+06 6.562868e-30
9.305720e+06 2.246625e-30
1.074610e+07 3.827593e-31
1.240940e+07 1.111804e-31
1.433010e+07 3.036466e-32
1.654820e+07 7.959268e-33
1.910950e+07 6.388994e-34
2.206730e+07 1.208956e-34
2.548300e+07 2.043531e-35
2.942730e+07 3.383852e-36
3.398210e+07 9.721611e-38
3.924190e+07 9.057547e-39
4.531580e+07 6.461687e-40
5.232990e+07 4.180755e-41
6.042960e+07 2.859554e-43
6.978310e+07 7.905520e-45
8.058420e+07 9.466279e-47
9.305720e+07 0.000000e+00
