# Energy	Flux_temporale
3.398210000000000000e+08 1.879962354457561225e+42
1.864877138894950000e+14 3.501646342687184697e+29
3.729750879579900000e+14 2.622633832551520334e+28
5.594624620264850000e+14 5.096358969328693474e+27
7.459498360949800000e+14 1.373926802904617118e+27
9.324372101634750000e+14 4.726874378678957323e+26
1.118924584231970000e+15 1.503780615607869824e+26
1.305411958300465000e+15 7.631779043442026095e+25
1.491899332368960000e+15 3.471082377084619202e+25
1.678386706437455000e+15 1.845832941044850139e+25
1.864874080505950000e+15 8.250024576560241435e+24
2.051361454574445000e+15 3.652975516496802483e+24
2.237848828642940000e+15 2.622051318602740909e+24
2.424336202711435000e+15 1.683213818043054122e+24
2.610823576779930000e+15 9.027479855412082870e+23
2.797310950848425000e+15 5.527392901693360057e+23
2.983798324916920000e+15 3.958690378986332556e+23
3.170285698985415000e+15 2.465258711595522101e+23
3.356773073053910000e+15 1.199911539123157278e+23
3.543260447122405000e+15 5.150879350773761704e+22
3.729747821190900000e+15 3.265463915577478637e+22
3.916235195259395000e+15 3.418191619100041753e+22
4.102722569327890000e+15 3.168240954646768229e+22
4.289209943396385000e+15 2.333017334051957113e+22
4.475697317464880000e+15 1.371391738656140873e+22
4.662184691533375000e+15 7.077967678838326428e+21
4.848672065601870000e+15 4.111067055263256674e+21
5.035159439670365000e+15 3.406282172014186201e+21
5.221646813738860000e+15 3.529667990084280386e+21
5.408134187807355000e+15 3.279545575936884736e+21
5.594621561875850000e+15 2.569721075863907205e+21
5.781108935944345000e+15 1.648466038323479577e+21
5.967596310012840000e+15 7.641151080659493847e+20
6.154083684081335000e+15 1.529682942600835564e+20
6.340571058149830000e+15 -1.317211658380021268e+20
6.527058432218325000e+15 -1.791459683323480637e+20
6.713545806286820000e+15 -8.225285466958112358e+19
6.900033180355315000e+15 6.601143370367169331e+19
7.086520554423810000e+15 1.763097990389977907e+20
7.273007928492305000e+15 2.177765050095979069e+20
7.459495302560800000e+15 2.069534142608386294e+20
7.645982676629295000e+15 1.617487174917268439e+20
7.832470050697790000e+15 1.000706054012694692e+20
8.018957424766285000e+15 3.982726868847344026e+19
8.205444798834780000e+15 -2.882086888624225792e+18
8.391932172903275000e+15 -2.583766363021727744e+19
8.578419546971770000e+15 -3.324572938410916659e+19
8.764906921040265000e+15 -2.934753196857930547e+19
8.951394295108760000e+15 -1.838431920190715494e+19
9.137881669177256000e+15 -4.597338902372100608e+18
9.324369043245750000e+15 7.773012282179978240e+18
9.510856417314244000e+15 1.561579019925049754e+19
9.697343791382740000e+15 1.917604904948452966e+19
9.883831165451236000e+15 1.931931236009765274e+19
1.007031853951973000e+16 1.691110365830566093e+19
1.025680591358822400e+16 1.281694647132425216e+19
1.044329328765672000e+16 7.902364326369060864e+18
1.062978066172521600e+16 3.032880750655849984e+18
1.081626803579371000e+16 -9.354624080860483840e+17
1.100275540986220400e+16 -3.572697225285969408e+18
1.118924278393070000e+16 -5.038095413967820800e+18
1.137573015799919600e+16 -5.534122653005872128e+18
1.156221753206769000e+16 -5.263244621274436608e+18
1.174870490613618400e+16 -4.427926997647817216e+18
1.193519228020468000e+16 -3.230635461000303616e+18
1.212167965427317600e+16 -1.873835690206209024e+18
1.230816702834167000e+16 -5.599933641398475520e+17
1.249465440241016400e+16 5.123368640485936000e+17
1.268114177647866000e+16 1.255607482179439616e+18
1.286762915054715600e+16 1.706411305841768192e+18
1.305411652461565000e+16 1.907889113154959616e+18
1.324060389868414400e+16 1.903181682238399744e+18
1.342709127275264000e+16 1.735429791211465472e+18
1.361357864682113600e+16 1.447774218193537536e+18
1.380006602088963000e+16 1.083355741303999872e+18
1.398655339495812400e+16 6.853151386622296320e+17
1.417304076902662000e+16 2.967931883876030720e+17
1.435952814309511600e+16 -3.910369995170041600e+16
1.454601551716361000e+16 -2.927061541527753600e+17
1.473250289123210400e+16 -4.681260623986791680e+17
1.491899026530060000e+16 -5.747000331912510080e+17
1.510547763936909600e+16 -6.217646750323275520e+17
1.529196501343759000e+16 -6.186565964237470720e+17
1.547845238750608400e+16 -5.747124058673494400e+17
1.566493976157458000e+16 -4.992687118649719680e+17
1.585142713564307600e+16 -4.016621229184535040e+17
1.603791450971157000e+16 -2.912292475296339840e+17
1.622440188378006400e+16 -1.773066942003507200e+17
1.641088925784856000e+16 -6.923107143244123200e+16
1.659737663191705600e+16 2.369567699396046400e+16
1.678386400598555000e+16 9.584791855230905600e+16
1.697035138005404400e+16 1.484769865009251200e+17
1.715683875412254000e+16 1.835888282036865920e+17
1.734332612819103600e+16 2.031893910244704640e+17
1.752981350225953000e+16 2.092846223271546880e+17
1.771630087632802400e+16 2.038804694756170560e+17
1.790278825039652000e+16 1.889828798337352000e+17
1.808927562446501600e+16 1.665978007653868800e+17
1.827576299853351200e+16 1.387311796344497600e+17
1.846225037260200400e+16 1.073889638048023200e+17
1.864873774667050000e+16 7.457710064032091200e+16
1.883522512073899600e+16 4.230153750488400000e+16
1.902171249480748800e+16 1.256822176236991000e+16
1.920819986887598400e+16 -1.267714714075249400e+16
1.939468724294448000e+16 -3.270126952199512800e+16
1.958117461701297600e+16 -4.789413190799553600e+16
1.976766199108147200e+16 -5.868811346249880800e+16
1.995414936514996400e+16 -6.551559334925005600e+16
2.014063673921846000e+16 -6.880895073199479200e+16
2.032712411328695600e+16 -6.900056477447802400e+16
2.051361148735544800e+16 -6.652281464044502400e+16
2.070009886142394400e+16 -6.180807949364084800e+16
2.088658623549244000e+16 -5.528873849781074400e+16
2.107307360956093600e+16 -4.739717081669993600e+16
2.125956098362943200e+16 -3.856575561405358400e+16
2.144604835769792400e+16 -2.922687205361710000e+16
2.163253573176642000e+16 -1.981289929913529200e+16
2.181902310583491600e+16 -1.075621651435355200e+16
2.200551047990340800e+16 -2.489202863017228500e+15
2.219199785397190400e+16 4.581945003647147000e+15
2.237848522804040000e+16 1.035320376694040200e+16
2.256497260210889600e+16 1.491446182316796800e+16
2.275145997617739200e+16 1.835879307772114800e+16
2.293794735024588400e+16 2.077927143599121600e+16
2.312443472431438000e+16 2.226897080336954800e+16
2.331092209838287600e+16 2.292096508524740800e+16
2.349740947245136800e+16 2.282832818701608400e+16
2.368389684651986400e+16 2.208413401406688000e+16
2.387038422058836000e+16 2.078145647179110400e+16
2.405687159465685600e+16 1.901336946558003200e+16
2.424335896872535200e+16 1.687294690082498000e+16
2.442984634279384400e+16 1.445326268291730400e+16
2.461633371686234000e+16 1.184739071724818800e+16
2.480282109093083600e+16 9.148404909208988000e+15
2.498930846499932800e+16 6.449379164191063000e+15
2.517579583906782400e+16 3.843387387585593000e+15
2.536228321313632000e+16 1.423503484783944500e+15
2.554877058720481600e+16 -7.180256357270142500e+14
2.573525796127331200e+16 -2.532304931300168000e+15
2.592174533534180400e+16 -4.034258968245187500e+15
2.610823270941030000e+16 -5.243925735956903000e+15
2.629472008347879600e+16 -6.181343223830054000e+15
2.648120745754728800e+16 -6.866549421259383000e+15
2.666769483161578400e+16 -7.319582317639704000e+15
2.685418220568428000e+16 -7.560479902365763000e+15
2.704066957975277600e+16 -7.609280164832327000e+15
2.722715695382127200e+16 -7.486021094434161000e+15
2.741364432788976400e+16 -7.210740680566048000e+15
2.760013170195826000e+16 -6.803476912622740000e+15
2.778661907602675600e+16 -6.284267779999011000e+15
2.797310645009524800e+16 -5.673151272089643000e+15
2.815959382416374400e+16 -4.990165378289377000e+15
2.834608119823224000e+16 -4.255348087992995000e+15
2.853256857230073600e+16 -3.488737390595268000e+15
2.871905594636923200e+16 -2.710371275490957500e+15
2.890554332043772400e+16 -1.940287732074856500e+15
2.909203069450622000e+16 -1.198524749741694750e+15
2.927851806857471600e+16 -5.051203178862618750e+14
2.946500544264320800e+16 1.199211203049228750e+14
2.965149281671170400e+16 6.635126783867303750e+14
2.983798019078020000e+16 1.127907136786958250e+15
3.002446756484869600e+16 1.517418294408503000e+15
3.021095493891719200e+16 1.836359950154255500e+15
3.039744231298568400e+16 2.089045902927104500e+15
3.058392968705418000e+16 2.279789951629953500e+15
3.077041706112267600e+16 2.412905895165690000e+15
3.095690443519116800e+16 2.492707532437204500e+15
3.114339180925966400e+16 2.523508662347393500e+15
3.132987918332816000e+16 2.509623083799149000e+15
3.151636655739665600e+16 2.455364595695363000e+15
3.170285393146515200e+16 2.365046996938927500e+15
3.188934130553364400e+16 2.242984086432739750e+15
3.207582867960214000e+16 2.093489663079686250e+15
3.226231605367063600e+16 1.920877525782663250e+15
3.244880342773912800e+16 1.729461473444568000e+15
3.263529080180762400e+16 1.523555304968284250e+15
3.282177817587612000e+16 1.307472819256708000e+15
3.300826554994461600e+16 1.085527815212735000e+15
3.319475292401311200e+16 8.620340917392562500e+14
3.338124029808160400e+16 6.413054477391685000e+14
3.356772767215010000e+16 4.276556821153578125e+14
3.375421504621859600e+16 2.253985937707192812e+14
3.394070242028708800e+16 3.884798160815035938e+13
3.412718979435558400e+16 -1.280938345087077031e+14
3.431367716842408000e+16 -2.747898565187643125e+14
3.450016454249257600e+16 -4.021592063122911875e+14
3.468665191656107200e+16 -5.111305636683907500e+14
3.487313929062956400e+16 -6.026326083661643750e+14
3.505962666469806000e+16 -6.775940201847191250e+14
3.524611403876655600e+16 -7.369434789031558750e+14
3.543260141283504800e+16 -7.816096643005762500e+14
3.561908878690354400e+16 -8.125212561560862500e+14
3.580557616097204000e+16 -8.306069342487861250e+14
3.599206353504053600e+16 -8.367953783577800000e+14
3.617855090910903200e+16 -8.320152682621706250e+14
3.636503828317752800e+16 -8.171952837410606250e+14
3.655152565724602400e+16 -7.932641045735536250e+14
3.673801303131451200e+16 -7.611504105387536250e+14
3.692450040538300800e+16 -7.217828814157607500e+14
3.711098777945150400e+16 -6.760901969836795000e+14
3.729747515352000000e+16 -6.250010370216125000e+14
3.748396252758849600e+16 -5.694440813086630000e+14
3.767044990165699200e+16 -5.103480096239337500e+14
3.785693727572548800e+16 -4.486415017465278125e+14
3.804342464979397600e+16 -3.852532374555510625e+14
3.822991202386247200e+16 -3.211118965301008750e+14
3.841639939793096800e+16 -2.571461587492828125e+14
3.860288677199946400e+16 -1.942847038922000312e+14
3.878937414606796000e+16 -1.334562117379550312e+14
3.897586152013645600e+16 -7.558936206565151562e+13
3.916234889420495200e+16 -2.161283465439196875e+13
3.934883626827344800e+16 2.758015718903584375e+13
3.953532364234194400e+16 7.168723770947181250e+13
3.972181101641043200e+16 1.108937324643813281e+14
3.990829839047892800e+16 1.453995679769905938e+14
4.009478576454742400e+16 1.754046707705201250e+14
4.028127313861592000e+16 2.011089673681928750e+14
4.046776051268441600e+16 2.227123842932310312e+14
4.065424788675291200e+16 2.404148480688573438e+14
4.084073526082140800e+16 2.544162852182944688e+14
4.102722263488989600e+16 2.649166222647646562e+14
4.121371000895839200e+16 2.721157857314910000e+14
4.140019738302688800e+16 2.762137021416958438e+14
4.158668475709538400e+16 2.774102980186019062e+14
4.177317213116388000e+16 2.759054998854314688e+14
4.195965950523237600e+16 2.718992342654073438e+14
4.214614687930087200e+16 2.655914276817520312e+14
4.233263425336936800e+16 2.571820066576879375e+14
4.251912162743786400e+16 2.468708977164379375e+14
4.270560900150635200e+16 2.348580273812249062e+14
4.289209637557484800e+16 2.213433221752705000e+14
4.307858374964334400e+16 2.065267086217978438e+14
4.326507112371184000e+16 1.906081132440293438e+14
4.345155849778033600e+16 1.737874625651877500e+14
4.363804587184883200e+16 1.562646831084956250e+14
4.382453324591732800e+16 1.382397013971754844e+14
4.401102061998581600e+16 1.199124439544507344e+14
4.419750799405431200e+16 1.014828373035422812e+14
4.438399536812280800e+16 8.315080796767359375e+13
4.457048274219130400e+16 6.511628247006721094e+13
4.475697011625980000e+16 4.757918733394569531e+13
4.494345749032829600e+16 3.073944908253169922e+13
4.512994486439679200e+16 1.479699423904774805e+13
4.531643223846528800e+16 -4.825067486151379395e+10
4.550291961253378400e+16 -1.363726604000222461e+13
4.568940698660227200e+16 -2.597300409034089453e+13
4.587589436067076800e+16 -3.709850026412437500e+13
4.606238173473926400e+16 -4.705678999959807031e+13
4.624886910880776000e+16 -5.589090873500777344e+13
4.643535648287625600e+16 -6.364389190859933594e+13
4.662184385694475200e+16 -7.035877495861857812e+13
4.680833123101324800e+16 -7.607859332331139062e+13
4.699481860508173600e+16 -8.084638244092342188e+13
4.718130597915023200e+16 -8.470517774970098438e+13
4.736779335321872800e+16 -8.769801468788957812e+13
4.755428072728722400e+16 -8.986792869373514062e+13
4.774076810135572000e+16 -9.125795520548356250e+13
4.792725547542421600e+16 -9.191112966138054688e+13
4.811374284949271200e+16 -9.187048749967209375e+13
4.830023022356120800e+16 -9.117906415860403125e+13
4.848671759762970400e+16 -8.987989507642212500e+13
4.867320497169819200e+16 -8.801601569137234375e+13
4.885969234576668800e+16 -8.563046144170045312e+13
4.904617971983518400e+16 -8.276626776565232812e+13
4.923266709390368000e+16 -7.946647010147376562e+13
4.941915446797217600e+16 -7.577410388741065625e+13
4.960564184204067200e+16 -7.173220456170884375e+13
4.979212921610916800e+16 -6.738380756261419531e+13
4.997861659017765600e+16 -6.277194832837274219e+13
5.016510396424615200e+16 -5.793966229722996094e+13
5.035159133831464800e+16 -5.292998490743189062e+13
5.053807871238314400e+16 -4.778595159722434375e+13
5.072456608645164000e+16 -4.255059780485321094e+13
5.091105346052013600e+16 -3.726695896856432812e+13
5.109754083458863200e+16 -3.197807052660353125e+13
5.128402820865712800e+16 -2.672696791721668359e+13
5.147051558272562400e+16 -2.155668657864965234e+13
5.165700295679411200e+16 -1.651026194914849219e+13
5.184349033086260800e+16 -1.163072946695858398e+13
5.202997770493110400e+16 -6.961124570326032227e+12
5.221646507899960000e+16 -2.544482697496679199e+12
5.240295245306809600e+16 1.576684552897536865e+12
5.258943982713659200e+16 5.381261464693351562e+12
5.277592720120508800e+16 8.876538314052671875e+12
5.296241457527357600e+16 1.207176663295386719e+13
5.314890194934207200e+16 1.497619795337577539e+13
5.333538932341056800e+16 1.759908380729685547e+13
5.352187669747906400e+16 1.994967572669562500e+13
5.370836407154756000e+16 2.203722524355067969e+13
5.389485144561605600e+16 2.387098388984054297e+13
5.408133881968455200e+16 2.546020319754380469e+13
5.426782619375304800e+16 2.681413469863901562e+13
5.445431356782154400e+16 2.794202992510473828e+13
5.464080094189003200e+16 2.885314040891950391e+13
5.482728831595852800e+16 2.955671768206192969e+13
5.501377569002702400e+16 3.006201327651057031e+13
5.520026306409552000e+16 3.037827872424394531e+13
5.538675043816401600e+16 3.051476555724065234e+13
5.557323781223251200e+16 3.048072530747922656e+13
5.575972518630100800e+16 3.028540950693823828e+13
5.594621256036949600e+16 2.993806968759627344e+13
5.613269993443799200e+16 2.944795738143184375e+13
5.631918730850648800e+16 2.882432412042350781e+13
5.650567468257498400e+16 2.807642143654989453e+13
5.669216205664348000e+16 2.721350086178950000e+13
5.687864943071197600e+16 2.624481392812091016e+13
5.706513680478047200e+16 2.517961216752268359e+13
5.725162417884896800e+16 2.402714711197337109e+13
5.743811155291746400e+16 2.279667029345155078e+13
5.762459892698595200e+16 2.149743324393582422e+13
5.781108630105444800e+16 2.013868749540465625e+13
5.799757367512294400e+16 1.872968457983664453e+13
5.818406104919144000e+16 1.727967602921036328e+13
5.837054842325993600e+16 1.579791337550436914e+13
5.855703579732843200e+16 1.429364815069722852e+13
5.874352317139692800e+16 1.277613188676748828e+13
5.893001054546541600e+16 1.125461611569378906e+13
5.911649791953391200e+16 9.738352369454542969e+12
5.930298529360240800e+16 8.236592180028397461e+12
5.948947266767090400e+16 6.758587079393897461e+12
5.967596004173940000e+16 5.313588599529606445e+12
5.986244741580789600e+16 3.910848272414097168e+12
6.004893478987639200e+16 2.559617630025918457e+12
6.023542216394488800e+16 1.269148204343629150e+12
6.042190953801338400e+16 4.869152734580503845e+10
6.060839691208187200e+16 -1.094146459670360718e+12
6.079488428615036800e+16 -2.159209942880082520e+12
6.098137166021886400e+16 -3.148450439742946289e+12
6.116785903428736000e+16 -4.063819598666602051e+12
6.135434640835585600e+16 -4.907269068058736328e+12
6.154083378242435200e+16 -5.680750496327026367e+12
6.172732115649284800e+16 -6.386215531879139648e+12
6.191380853056133600e+16 -7.025615823122726562e+12
6.210029590462983200e+16 -7.600903018465517578e+12
6.228678327869832800e+16 -8.114028766315157227e+12
6.247327065276682400e+16 -8.566944715079319336e+12
6.265975802683532000e+16 -8.961602513165681641e+12
6.284624540090381600e+16 -9.299953808981910156e+12
6.303273277497231200e+16 -9.583950250935685547e+12
6.321922014904080800e+16 -9.815543487434683594e+12
6.340570752310930400e+16 -9.996685166886572266e+12
6.359219489717779200e+16 -1.012932693769902539e+13
6.377868227124628800e+16 -1.021542044827972656e+13
6.396516964531478400e+16 -1.025691734703634180e+13
6.415165701938328000e+16 -1.025576928237655469e+13
6.433814439345177600e+16 -1.021392790270802734e+13
6.452463176752027200e+16 -1.013334485643844141e+13
6.471111914158876800e+16 -1.001597179197547266e+13
6.489760651565725600e+16 -9.863760357726798828e+12
6.508409388972575200e+16 -9.678662202100070312e+12
6.527058126379424800e+16 -9.462628973502986328e+12
6.545706863786274400e+16 -9.217612320343212891e+12
6.564355601193124000e+16 -8.945563891028427734e+12
6.583004338599973600e+16 -8.648435333966295898e+12
6.601653076006823200e+16 -8.328178297564497070e+12
6.620301813413672800e+16 -7.986744430230711914e+12
6.638950550820522400e+16 -7.626085380372602539e+12
6.657599288227371200e+16 -7.248152796397869141e+12
6.676248025634220800e+16 -6.854898326714148438e+12
6.694896763041070400e+16 -6.448273619729132812e+12
6.713545500447920000e+16 -6.030230323850496094e+12
6.732194237854769600e+16 -5.602720087485909180e+12
6.750842975261619200e+16 -5.167694559043054688e+12
6.769491712668468800e+16 -4.727105386929598633e+12
6.788140450075317600e+16 -4.282904219553234863e+12
6.806789187482167200e+16 -3.837042705321608398e+12
6.825437924889016800e+16 -3.391472492642405273e+12
6.844086662295866400e+16 -2.948145229923294922e+12
6.862735399702716000e+16 -2.509012565571961426e+12
6.881384137109565600e+16 -2.076026147996070557e+12
6.900032874516415200e+16 -1.651137625603303223e+12
6.918681611923264800e+16 -1.236298646801333252e+12
6.937330349330114400e+16 -8.334608599978298340e+11
6.955979086736963200e+16 -4.445759136004912109e+11
6.974627824143812800e+16 -7.159545601694743347e+10
6.993276561550662400e+16 2.837228055610529785e+11
7.011925298957512000e+16 6.210428285245643311e+11
7.030574036364361600e+16 9.406612217857673340e+11
7.049222773771211200e+16 1.242877482392482666e+12
7.067871511178060800e+16 1.527991107392523682e+12
7.086520248584909600e+16 1.796301593833695068e+12
7.105168985991759200e+16 2.048108438763835449e+12
7.123817723398608800e+16 2.283711139230750000e+12
7.142466460805458400e+16 2.503409192282251953e+12
7.161115198212308000e+16 2.707502094966157227e+12
7.179763935619157600e+16 2.896289344330282227e+12
7.198412673026007200e+16 3.070070437422437012e+12
7.217061410432857600e+16 3.229144871290452637e+12
7.235710147839705600e+16 3.373812142982117188e+12
7.254358885246556800e+16 3.504371749545283691e+12
7.273007622653404800e+16 3.621123188027727051e+12
7.291656360060256000e+16 3.724365955477302734e+12
7.310305097467104000e+16 3.814399548941787109e+12
7.328953834873952000e+16 3.891523465469018066e+12
7.347602572280803200e+16 3.956037202106821289e+12
7.366251309687651200e+16 4.008240255902987305e+12
7.384900047094502400e+16 4.048432123905350586e+12
7.403548784501350400e+16 4.076912303161716309e+12
7.422197521908201600e+16 4.093980290719903809e+12
7.440846259315049600e+16 4.099935583627729004e+12
7.459494996721900800e+16 4.095077678933000977e+12
7.478143734128748800e+16 4.079706073683545898e+12
7.496792471535600000e+16 4.054120264927169922e+12
7.515441208942448000e+16 4.018619749711697754e+12
7.534089946349299200e+16 3.973504025084937012e+12
7.552738683756147200e+16 3.919072588094706543e+12
7.571387421162998400e+16 3.855624935788816895e+12
7.590036158569846400e+16 3.783460565215096680e+12
7.608684895976694400e+16 3.702878973421355469e+12
7.627333633383545600e+16 3.614179657455392578e+12
7.645982370790393600e+16 3.517662114365052246e+12
7.664631108197244800e+16 3.413625841198114746e+12
7.683279845604092800e+16 3.302370335002436523e+12
7.701928583010944000e+16 3.184195092825792969e+12
7.720577320417792000e+16 3.059399611716037109e+12
7.739226057824643200e+16 2.928283388720946777e+12
7.757874795231491200e+16 2.791145920888379395e+12
7.776523532638342400e+16 2.648286705266104004e+12
7.795172270045190400e+16 2.500005238901982910e+12
7.813821007452041600e+16 2.346601018843786133e+12
7.832469744858889600e+16 2.188373542139376953e+12
7.851118482265740800e+16 2.025622305836515869e+12
7.869767219672588800e+16 1.858646806983080566e+12
7.888415957079440000e+16 1.687746542626824219e+12
7.907064694486288000e+16 1.513221009815621582e+12
7.925713431893136000e+16 1.335369705597260742e+12
7.944362169299987200e+16 1.154492127019522705e+12
7.963010906706835200e+16 9.708877711302875977e+11
7.981659644113686400e+16 7.848561349773079834e+11
8.000308381520534400e+16 5.966967156084644775e+11
8.018957118927385600e+16 4.067090100715017090e+11
8.037605856334233600e+16 2.151925154143083801e+11
8.056254593741084800e+16 2.244672868463184357e+10
8.074903331147932800e+16 -1.712288530696478271e+11
8.093552068554784000e+16 -3.655347328007831421e+11
8.112200805961632000e+16 -5.601714134608873291e+11
8.130849543368483200e+16 -7.548393980022159424e+11
8.149498280775331200e+16 -9.492391893768828125e+11
8.168147018182182400e+16 -1.143071290537142822e+12
8.186795755589030400e+16 -1.336036204435110352e+12
8.205444492995878400e+16 -1.527834434023006836e+12
8.224093230402729600e+16 -1.718166482253044189e+12
8.242741967809577600e+16 -1.906732852077349121e+12
8.261390705216428800e+16 -2.093234046448165771e+12
8.280039442623276800e+16 -2.277370568317612305e+12
8.298688180030128000e+16 -2.458842920637945801e+12
8.317336917436976000e+16 -2.637351606361279785e+12
8.335985654843827200e+16 -2.812597128439859375e+12
8.354634392250675200e+16 -2.984279989825812988e+12
8.373283129657526400e+16 -3.152100693471384766e+12
8.391931867064374400e+16 -3.315759742328701172e+12
8.410580604471225600e+16 -3.474957639349995605e+12
8.429229341878073600e+16 -3.629394887487410645e+12
8.447878079284924800e+16 -3.778771989693173828e+12
8.466526816691772800e+16 -3.922789448919420898e+12
8.485175554098624000e+16 -4.061147768118389160e+12
8.503824291505472000e+16 -4.193547450242208984e+12
8.522473028912320000e+16 -4.319688998243093750e+12
8.541121766319171200e+16 -4.439272915073247070e+12
8.559770503726019200e+16 -4.551999703684814453e+12
8.578419241132870400e+16 -4.657569867030016602e+12
8.597067978539718400e+16 -4.755683908061001953e+12
8.615716715946569600e+16 -4.846042329729989258e+12
8.634365453353417600e+16 -4.928345634989130859e+12
8.653014190760268800e+16 -5.002294326790640625e+12
8.671662928167116800e+16 -5.067588908086675781e+12
8.690311665573968000e+16 -5.123929881829447266e+12
8.708960402980816000e+16 -5.171017750971117188e+12
8.727609140387667200e+16 -5.208553018463887695e+12
8.746257877794515200e+16 -5.236236187259928711e+12
8.764906615201366400e+16 -5.253767760311432617e+12
8.783555352608214400e+16 -5.260848240570582031e+12
8.802204090015062400e+16 -5.257178130989563477e+12
8.820852827421913600e+16 -5.242457934520556641e+12
8.839501564828761600e+16 -5.216388154115754883e+12
8.858150302235612800e+16 -5.178669292727330078e+12
8.876799039642460800e+16 -5.129001853307478516e+12
8.895447777049312000e+16 -5.067086338808373047e+12
8.914096514456160000e+16 -4.992623252182216797e+12
8.932745251863011200e+16 -4.905313096381166016e+12
8.951393989269859200e+16 -4.804856374357439453e+12
8.970042726676710400e+16 -4.690953589063184570e+12
8.988691464083558400e+16 -4.563305243450625000e+12
9.007340201490409600e+16 -4.421611840471900391e+12
9.025988938897257600e+16 -4.265573883079247559e+12
9.044637676304108800e+16 -4.094891874224793457e+12
9.063286413710956800e+16 -3.909266316860784180e+12
9.081935151117808000e+16 -3.708397713939338379e+12
9.100583888524656000e+16 -3.491986568412709961e+12
9.119232625931504000e+16 -3.259733383233050293e+12
9.137881363338355200e+16 -3.011338661352501465e+12
9.156530100745203200e+16 -2.746502905723331055e+12
9.175178838152054400e+16 -2.464926619297633789e+12
9.193827575558902400e+16 -2.166310305027689941e+12
9.212476312965753600e+16 -1.850354465865582520e+12
9.231125050372601600e+16 -1.516759604763604004e+12
9.249773787779452800e+16 -1.165226224673824707e+12
9.268422525186300800e+16 -7.954548285485488281e+11
9.287071262593152000e+16 -4.071459193398347778e+11
9.305720000000000000e+16 0.000000000000000000e+00
