Ev [GeV]   dN_dEv [s^-1 GeV^-1]
3.398210e-02 3.216869e-09
3.924190e-02 3.097747e-09
4.531580e-02 2.938615e-09
5.232990e-02 2.754141e-09
6.042960e-02 2.527004e-09
6.978310e-02 2.262285e-09
8.058420e-02 1.964888e-09
9.305720e-02 1.645172e-09
1.074610e-01 1.319455e-09
1.240940e-01 1.042633e-09
1.433010e-01 8.094964e-10
1.654820e-01 6.191475e-10
1.910950e-01 4.613895e-10
2.206730e-01 3.473401e-10
2.548300e-01 2.593066e-10
2.942730e-01 1.920540e-10
3.398210e-01 1.402058e-10
3.924190e-01 1.042625e-10
4.531580e-01 7.735667e-11
5.232990e-01 5.727955e-11
6.042960e-01 4.210077e-11
6.978310e-01 3.153044e-11
8.058420e-01 2.359876e-11
9.305720e-01 1.763714e-11
1.074610e+00 1.303940e-11
1.240940e+00 9.827889e-12
1.433010e+00 7.391644e-12
1.654820e+00 5.545399e-12
1.910950e+00 4.107540e-12
2.206730e+00 3.102541e-12
2.548300e+00 2.337360e-12
2.942730e+00 1.755758e-12
3.398210e+00 1.301875e-12
3.924190e+00 9.831724e-13
4.531580e+00 7.400609e-13
5.232990e+00 5.550716e-13
6.042960e+00 4.112092e-13
6.978310e+00 3.101226e-13
8.058420e+00 2.333001e-13
9.305720e+00 1.750572e-13
1.074610e+01 1.299018e-13
1.240940e+01 9.816865e-14
1.433010e+01 7.400823e-14
1.654820e+01 5.563358e-14
1.910950e+01 4.125225e-14
2.206730e+01 3.117360e-14
2.548300e+01 2.348801e-14
2.942730e+01 1.764275e-14
3.398210e+01 1.305661e-14
3.924190e+01 9.864998e-15
4.531580e+01 7.436201e-15
5.232990e+01 5.590700e-15
6.042960e+01 4.140146e-15
6.978310e+01 3.132623e-15
8.058420e+01 2.364803e-15
9.305720e+01 1.780260e-15
1.074610e+02 1.318931e-15
1.240940e+02 9.983342e-16
1.433010e+02 7.536373e-16
1.654820e+02 5.671454e-16
1.910950e+02 4.197429e-16
2.206730e+02 3.174385e-16
2.548300e+02 2.393889e-16
2.942730e+02 1.799481e-16
3.398210e+02 1.329790e-16
3.924190e+02 1.004406e-16
4.531580e+02 7.563967e-17
5.232990e+02 5.677188e-17
6.042960e+02 4.187266e-17
6.978310e+02 3.157262e-17
8.058420e+02 2.373210e-17
9.305720e+02 1.777568e-17
1.074610e+03 1.307695e-17
1.240940e+03 9.837354e-18
1.433010e+03 7.375698e-18
1.654820e+03 5.509107e-18
1.910950e+03 4.038917e-18
2.206730e+03 3.028780e-18
2.548300e+03 2.263078e-18
2.942730e+03 1.684023e-18
3.398210e+03 1.228854e-18
3.924190e+03 9.176116e-19
4.531580e+03 6.824627e-19
5.232990e+03 5.052808e-19
6.042960e+03 3.663891e-19
6.978310e+03 2.720333e-19
8.058420e+03 2.010696e-19
9.305720e+03 1.478623e-19
1.074610e+04 1.063089e-19
1.240940e+04 7.833243e-20
1.433010e+04 5.742117e-20
1.654820e+04 4.184662e-20
1.910950e+04 2.974567e-20
2.206730e+04 2.169689e-20
2.548300e+04 1.573111e-20
2.942730e+04 1.132813e-20
3.398210e+04 7.930418e-21
3.924190e+04 5.707698e-21
4.531580e+04 4.078776e-21
5.232990e+04 2.891221e-21
6.042960e+04 1.983195e-21
6.978310e+04 1.402423e-21
8.058420e+04 9.832432e-22
9.305720e+04 6.826495e-22
1.074610e+05 4.556440e-22
1.240940e+05 3.148254e-22
1.433010e+05 2.152541e-22
1.654820e+05 1.454180e-22
1.910950e+05 9.355922e-23
2.206730e+05 6.269864e-23
2.548300e+05 4.147340e-23
2.942730e+05 2.702704e-23
3.398210e+05 1.654140e-23
3.924190e+05 1.064643e-23
4.531580e+05 6.741300e-24
5.232990e+05 4.188981e-24
6.042960e+05 2.393567e-24
6.978310e+05 1.460217e-24
8.058420e+05 8.726305e-25
9.305720e+05 5.091576e-25
1.074610e+06 2.643181e-25
1.240940e+06 1.501574e-25
1.433010e+06 8.310640e-26
1.654820e+06 4.461253e-26
1.910950e+06 2.020901e-26
2.206730e+06 1.043737e-26
2.548300e+06 5.216514e-27
2.942730e+06 2.507918e-27
3.398210e+06 9.318176e-28
3.924190e+06 4.231673e-28
4.531580e+06 1.844946e-28
5.232990e+06 7.662330e-29
6.042960e+06 2.110347e-29
6.978310e+06 8.011417e-30
8.058420e+06 2.896033e-30
9.305720e+06 9.913804e-31
1.074610e+07 1.689023e-31
1.240940e+07 4.906120e-32
1.433010e+07 1.339918e-32
1.654820e+07 3.512230e-33
1.910950e+07 2.819306e-34
2.206730e+07 5.334825e-35
2.548300e+07 9.017601e-36
2.942730e+07 1.493211e-36
3.398210e+07 4.289909e-38
3.924190e+07 3.996873e-39
4.531580e+07 2.851384e-40
5.232990e+07 1.844865e-41
6.042960e+07 1.261851e-43
6.978310e+07 3.488512e-45
8.058420e+07 4.177237e-47
9.305720e+07 0.000000e+00
