Ev [GeV]   dN_dEv [s^-1 GeV^-1]
3.398210e-02 1.371797e-07
3.924190e-02 1.319407e-07
4.531580e-02 1.249838e-07
5.232990e-02 1.169149e-07
6.042960e-02 1.069104e-07
6.978310e-02 9.538312e-08
8.058420e-02 8.246931e-08
9.305720e-02 6.864829e-08
1.074610e-01 5.447553e-08
1.240940e-01 4.276528e-08
1.433010e-01 3.300805e-08
1.654820e-01 2.511419e-08
1.910950e-01 1.858104e-08
2.206730e-01 1.395566e-08
2.548300e-01 1.040585e-08
2.942730e-01 7.703194e-09
3.398210e-01 5.621972e-09
3.924190e-01 4.180391e-09
4.531580e-01 3.101390e-09
5.232990e-01 2.296289e-09
6.042960e-01 1.687675e-09
6.978310e-01 1.263875e-09
8.058420e-01 9.458851e-10
9.305720e-01 7.068898e-10
1.074610e+00 5.225791e-10
1.240940e+00 3.938474e-10
1.433010e+00 2.961957e-10
1.654820e+00 2.221980e-10
1.910950e+00 1.645708e-10
2.206730e+00 1.242948e-10
2.548300e+00 9.363197e-11
2.942730e+00 7.032706e-11
3.398210e+00 5.214070e-11
3.924190e+00 3.937214e-11
4.531580e+00 2.963308e-11
5.232990e+00 2.222285e-11
6.042960e+00 1.646057e-11
6.978310e+00 1.241216e-11
8.058420e+00 9.335852e-12
9.305720e+00 7.003859e-12
1.074610e+01 5.196081e-12
1.240940e+01 3.925906e-12
1.433010e+01 2.958981e-12
1.654820e+01 2.223738e-12
1.910950e+01 1.648362e-12
2.206730e+01 1.245249e-12
2.548300e+01 9.379121e-13
2.942730e+01 7.042250e-13
3.398210e+01 5.209121e-13
3.924190e+01 3.933965e-13
4.531580e+01 2.963882e-13
5.232990e+01 2.227025e-13
6.042960e+01 1.648024e-13
6.978310e+01 1.246122e-13
8.058420e+01 9.399871e-14
9.305720e+01 7.070452e-14
1.074610e+02 5.232761e-14
1.240940e+02 3.956908e-14
1.433010e+02 2.983769e-14
1.654820e+02 2.242676e-14
1.910950e+02 1.657241e-14
2.206730e+02 1.251511e-14
2.548300e+02 9.422820e-15
2.942730e+02 7.070452e-15
3.398210e+02 5.213276e-15
3.924190e+02 3.929402e-15
4.531580e+02 2.952295e-15
5.232990e+02 2.210157e-15
6.042960e+02 1.624861e-15
6.978310e+02 1.221496e-15
8.058420e+02 9.151193e-16
9.305720e+02 6.829280e-16
1.074610e+03 5.000988e-16
1.240940e+03 3.746137e-16
1.433010e+03 2.795651e-16
1.654820e+03 2.077443e-16
1.910950e+03 1.513224e-16
2.206730e+03 1.128083e-16
2.548300e+03 8.374595e-17
2.942730e+03 6.187638e-17
3.398210e+03 4.474902e-17
3.924190e+03 3.314525e-17
4.531580e+03 2.443415e-17
5.232990e+03 1.791586e-17
6.042960e+03 1.283263e-17
6.978310e+03 9.423678e-18
8.058420e+03 6.882469e-18
9.305720e+03 4.995423e-18
1.074610e+04 3.532213e-18
1.240940e+04 2.564527e-18
1.433010e+04 1.850007e-18
1.654820e+04 1.324833e-18
1.910950e+04 9.207759e-19
2.206730e+04 6.585374e-19
2.548300e+04 4.673808e-19
2.942730e+04 3.288220e-19
3.398210e+04 2.233213e-19
3.924190e+04 1.565861e-19
4.531580e+04 1.087720e-19
5.232990e+04 7.475748e-20
6.042960e+04 4.922213e-20
6.978310e+04 3.362207e-20
8.058420e+04 2.270332e-20
9.305720e+04 1.512983e-20
1.074610e+05 9.552038e-21
1.240940e+05 6.302969e-21
1.433010e+05 4.099724e-21
1.654820e+05 2.622884e-21
1.910950e+05 1.563426e-21
2.206730e+05 9.853745e-22
2.548300e+05 6.099008e-22
2.942730e+05 3.696626e-22
3.398210e+05 2.034468e-22
3.924190e+05 1.206317e-22
4.531580e+05 6.990294e-23
5.232990e+05 3.943728e-23
6.042960e+05 1.939635e-23
6.978310e+05 1.060053e-23
8.058420e+05 5.627655e-24
9.305720e+05 2.887370e-24
1.074610e+06 1.208317e-24
1.240940e+06 5.919603e-25
1.433010e+06 2.796552e-25
1.654820e+06 1.265264e-25
1.910950e+06 4.172000e-26
2.206730e+06 1.760509e-26
2.548300e+06 7.105250e-27
2.942730e+06 2.720887e-27
3.398210e+06 6.197128e-28
3.924190e+06 2.111876e-28
4.531580e+06 6.824455e-29
5.232990e+06 2.096000e-29
6.042960e+06 2.621560e-30
6.978310e+06 6.416210e-31
8.058420e+06 1.453231e-31
9.305720e+06 3.196121e-32
1.074610e+07 1.660716e-33
1.240940e+07 2.370147e-34
1.433010e+07 2.858319e-35
1.654820e+07 3.341098e-36
1.910950e+07 5.319193e-38
2.206730e+07 3.094039e-39
2.548300e+07 1.230766e-40
2.942730e+07 3.848434e-42
3.398210e+07 1.116593e-44
3.924190e+07 1.453993e-46
4.531580e+07 8.754476e-49
5.232990e+07 2.351777e-51
6.042960e+07 4.269756e-55
6.978310e+07 2.476358e-58
8.058420e+07 3.239327e-62
9.305720e+07 0.000000e+00
