Ev [GeV]   dN_dEv [s^-1 GeV^-1]
3.398210e-02 9.851663e-09
3.924190e-02 9.486852e-09
4.531580e-02 8.999509e-09
5.232990e-02 8.434558e-09
6.042960e-02 7.738951e-09
6.978310e-02 6.928248e-09
8.058420e-02 6.017471e-09
9.305720e-02 5.038340e-09
1.074610e-01 4.040831e-09
1.240940e-01 3.193063e-09
1.433010e-01 2.479083e-09
1.654820e-01 1.896139e-09
1.910950e-01 1.413006e-09
2.206730e-01 1.063729e-09
2.548300e-01 7.941264e-10
2.942730e-01 5.881653e-10
3.398210e-01 4.293802e-10
3.924190e-01 3.193039e-10
4.531580e-01 2.369048e-10
5.232990e-01 1.754186e-10
6.042960e-01 1.289336e-10
6.978310e-01 9.656198e-11
8.058420e-01 7.227122e-11
9.305720e-01 5.401374e-11
1.074610e+00 3.993315e-11
1.240940e+00 3.009791e-11
1.433010e+00 2.263691e-11
1.654820e+00 1.698279e-11
1.910950e+00 1.257934e-11
2.206730e+00 9.501533e-12
2.548300e+00 7.158166e-12
2.942730e+00 5.377010e-12
3.398210e+00 3.986992e-12
3.924190e+00 3.010966e-12
4.531580e+00 2.266437e-12
5.232990e+00 1.699907e-12
6.042960e+00 1.259328e-12
6.978310e+00 9.497504e-13
8.058420e+00 7.144816e-13
9.305720e+00 5.361128e-13
1.074610e+01 3.978241e-13
1.240940e+01 3.006415e-13
1.433010e+01 2.266502e-13
1.654820e+01 1.703778e-13
1.910950e+01 1.263350e-13
2.206730e+01 9.546917e-14
2.548300e+01 7.193203e-14
2.942730e+01 5.403091e-14
3.398210e+01 3.998587e-14
3.924190e+01 3.021156e-14
4.531580e+01 2.277337e-14
5.232990e+01 1.712152e-14
6.042960e+01 1.267920e-14
6.978310e+01 9.593659e-15
8.058420e+01 7.242211e-15
9.305720e+01 5.452046e-15
1.074610e+02 4.039227e-15
1.240940e+02 3.057399e-15
1.433010e+02 2.308014e-15
1.654820e+02 1.736883e-15
1.910950e+02 1.285463e-15
2.206730e+02 9.721554e-16
2.548300e+02 7.331287e-16
2.942730e+02 5.510911e-16
3.398210e+02 4.072481e-16
3.924190e+02 3.075994e-16
4.531580e+02 2.316465e-16
5.232990e+02 1.738639e-16
6.042960e+02 1.282350e-16
6.978310e+02 9.669116e-17
8.058420e+02 7.267957e-17
9.305720e+02 5.443802e-17
1.074610e+03 4.004816e-17
1.240940e+03 3.012690e-17
1.433010e+03 2.258808e-17
1.654820e+03 1.687164e-17
1.910950e+03 1.236918e-17
2.206730e+03 9.275638e-18
2.548300e+03 6.930675e-18
2.942730e+03 5.157322e-18
3.398210e+03 3.763365e-18
3.924190e+03 2.810186e-18
4.531580e+03 2.090042e-18
5.232990e+03 1.547423e-18
6.042960e+03 1.122067e-18
6.978310e+03 8.331022e-19
8.058420e+03 6.157756e-19
9.305720e+03 4.528283e-19
1.074610e+04 3.255710e-19
1.240940e+04 2.398931e-19
1.433010e+04 1.758523e-19
1.654820e+04 1.281553e-19
1.910950e+04 9.109611e-20
2.206730e+04 6.644674e-20
2.548300e+04 4.817652e-20
2.942730e+04 3.469241e-20
3.398210e+04 2.428691e-20
3.924190e+04 1.747983e-20
4.531580e+04 1.249125e-20
5.232990e+04 8.854364e-21
6.042960e+04 6.073535e-21
6.978310e+04 4.294921e-21
8.058420e+04 3.011183e-21
9.305720e+04 2.090614e-21
1.074610e+05 1.395410e-21
1.240940e+05 9.641527e-22
1.433010e+05 6.592156e-22
1.654820e+05 4.453427e-22
1.910950e+05 2.865251e-22
2.206730e+05 1.920146e-22
2.548300e+05 1.270123e-22
2.942730e+05 8.277032e-23
3.398210e+05 5.065803e-23
3.924190e+05 3.260468e-23
4.531580e+05 2.064523e-23
5.232990e+05 1.282876e-23
6.042960e+05 7.330301e-24
6.978310e+05 4.471916e-24
8.058420e+05 2.672431e-24
9.305720e+05 1.559295e-24
1.074610e+06 8.094744e-25
1.240940e+06 4.598569e-25
1.433010e+06 2.545134e-25
1.654820e+06 1.366259e-25
1.910950e+06 6.189010e-26
2.206730e+06 3.196444e-26
2.548300e+06 1.597557e-26
2.942730e+06 7.680498e-27
3.398210e+06 2.853692e-27
3.924190e+06 1.295950e-27
4.531580e+06 5.650147e-28
5.232990e+06 2.346589e-28
6.042960e+06 6.462937e-29
6.978310e+06 2.453497e-29
8.058420e+06 8.869101e-30
9.305720e+06 3.036103e-30
1.074610e+07 5.172633e-31
1.240940e+07 1.502499e-31
1.433010e+07 4.103499e-32
1.654820e+07 1.075620e-32
1.910950e+07 8.634126e-34
2.206730e+07 1.633790e-34
2.548300e+07 2.761641e-35
2.942730e+07 4.572959e-36
3.398210e+07 1.313785e-37
3.924190e+07 1.224043e-38
4.531580e+07 8.732365e-40
5.232990e+07 5.649899e-41
6.042960e+07 3.864419e-43
6.978310e+07 1.068357e-44
8.058420e+07 1.279279e-46
9.305720e+07 0.000000e+00
