Ev [GeV]   dN_dEv [s^-1 GeV^-1]
3.398210e-02 4.454766e+03
3.924190e-02 4.289750e+03
4.531580e-02 4.069308e+03
5.232990e-02 3.813757e+03
6.042960e-02 3.499109e+03
6.978310e-02 3.132415e+03
8.058420e-02 2.720473e+03
9.305720e-02 2.277631e+03
1.074610e-01 1.826463e+03
1.240940e-01 1.443094e+03
1.433010e-01 1.120259e+03
1.654820e-01 8.567117e+02
1.910950e-01 6.383009e+02
2.206730e-01 4.804577e+02
2.548300e-01 3.586418e+02
2.942730e-01 2.655962e+02
3.398210e-01 1.938704e+02
3.924190e-01 1.441589e+02
4.531580e-01 1.069503e+02
5.232990e-01 7.918773e+01
6.042960e-01 5.819984e+01
6.978310e-01 4.358540e+01
8.058420e-01 3.261969e+01
9.305720e-01 2.437801e+01
1.074610e+00 1.802207e+01
1.240940e+00 1.358274e+01
1.433010e+00 1.021521e+01
1.654820e+00 7.663322e+00
1.910950e+00 5.675975e+00
2.206730e+00 4.287000e+00
2.548300e+00 3.229517e+00
2.942730e+00 2.425780e+00
3.398210e+00 1.798566e+00
3.924190e+00 1.358190e+00
4.531580e+00 1.022281e+00
5.232990e+00 7.666940e-01
6.042960e+00 5.679385e-01
6.978310e+00 4.282929e-01
8.058420e+00 3.221736e-01
9.305720e+00 2.417247e-01
1.074610e+01 1.793566e-01
1.240940e+01 1.355317e-01
1.433010e+01 1.021674e-01
1.654820e+01 7.679490e-02
1.910950e+01 5.693771e-02
2.206730e+01 4.302308e-02
2.548300e+01 3.241315e-02
2.942730e+01 2.434445e-02
3.398210e+01 1.801424e-02
3.924190e+01 1.360947e-02
4.531580e+01 1.025776e-02
5.232990e+01 7.711235e-03
6.042960e+01 5.709817e-03
6.978310e+01 4.319882e-03
8.058420e+01 3.260732e-03
9.305720e+01 2.454476e-03
1.074610e+02 1.818214e-03
1.240940e+02 1.376117e-03
1.433010e+02 1.038718e-03
1.654820e+02 7.816003e-04
1.910950e+02 5.783899e-04
2.206730e+02 4.373748e-04
2.548300e+02 3.298031e-04
2.942730e+02 2.478871e-04
3.398210e+02 1.831632e-04
3.924190e+02 1.383322e-04
4.531580e+02 1.041652e-04
5.232990e+02 7.817462e-05
6.042960e+02 5.765219e-05
6.978310e+02 4.346696e-05
8.058420e+02 3.267000e-05
9.305720e+02 2.446834e-05
1.074610e+03 1.799887e-05
1.240940e+03 1.353904e-05
1.433010e+03 1.015046e-05
1.654820e+03 7.581213e-06
1.910950e+03 5.557696e-06
2.206730e+03 4.167539e-06
2.548300e+03 3.113843e-06
2.942730e+03 2.317042e-06
3.398210e+03 1.690734e-06
3.924190e+03 1.262501e-06
4.531580e+03 9.389741e-07
5.232990e+03 6.952071e-07
6.042960e+03 5.041225e-07
6.978310e+03 3.743116e-07
8.058420e+03 2.766820e-07
9.305720e+03 2.034800e-07
1.074610e+04 1.463103e-07
1.240940e+04 1.078175e-07
1.433010e+04 7.904410e-08
1.654820e+04 5.761232e-08
1.910950e+04 4.095953e-08
2.206730e+04 2.988137e-08
2.548300e+04 2.166919e-08
2.942730e+04 1.560743e-08
3.398210e+04 1.092915e-08
3.924190e+04 7.867849e-09
4.531580e+04 5.623921e-09
5.232990e+04 3.987637e-09
6.042960e+04 2.736296e-09
6.978310e+04 1.935601e-09
8.058420e+04 1.357522e-09
9.305720e+04 9.428530e-10
1.074610e+05 6.296261e-10
1.240940e+05 4.352095e-10
1.433010e+05 2.976877e-10
1.654820e+05 2.011957e-10
1.910950e+05 1.295214e-10
2.206730e+05 8.683790e-11
2.548300e+05 5.746769e-11
2.942730e+05 3.746818e-11
3.398210e+05 2.294675e-11
3.924190e+05 1.477605e-11
4.531580e+05 9.360631e-12
5.232990e+05 5.819408e-12
6.042960e+05 3.327410e-12
6.978310e+05 2.030813e-12
8.058420e+05 1.214142e-12
9.305720e+05 7.087186e-13
1.074610e+06 3.681369e-13
1.240940e+06 2.092099e-13
1.433010e+06 1.158279e-13
1.654820e+06 6.219690e-14
1.910950e+06 2.818735e-14
2.206730e+06 1.456129e-14
2.548300e+06 7.279077e-15
2.942730e+06 3.500138e-15
3.398210e+06 1.300829e-15
3.924190e+06 5.908122e-16
4.531580e+06 2.576080e-16
5.232990e+06 1.069956e-16
6.042960e+06 2.947175e-17
6.978310e+06 1.118861e-17
8.058420e+06 4.044644e-18
9.305720e+06 1.384597e-18
1.074610e+07 2.358995e-19
1.240940e+07 6.852227e-20
1.433010e+07 1.871427e-20
1.654820e+07 4.905442e-21
1.910950e+07 3.937657e-22
2.206730e+07 7.451022e-23
2.548300e+07 1.259467e-23
2.942730e+07 2.085532e-24
3.398210e+07 5.991613e-26
3.924190e+07 5.582337e-27
4.531580e+07 3.982460e-28
5.232990e+07 2.576679e-29
6.042960e+07 1.762397e-31
6.978310e+07 4.872322e-33
8.058420e+07 5.834247e-35
9.305720e+07 0.000000e+00
