Ev [GeV]   dN_dEv [s^-1 GeV^-1]
3.398210e-02 1.738311e-09
3.924190e-02 1.673941e-09
4.531580e-02 1.587950e-09
5.232990e-02 1.488265e-09
6.042960e-02 1.365526e-09
6.978310e-02 1.222479e-09
8.058420e-02 1.061774e-09
9.305720e-02 8.890076e-10
1.074610e-01 7.129986e-10
1.240940e-01 5.634113e-10
1.433010e-01 4.374305e-10
1.654820e-01 3.345710e-10
1.910950e-01 2.493227e-10
2.206730e-01 1.876934e-10
2.548300e-01 1.401224e-10
2.942730e-01 1.037809e-10
3.398210e-01 7.576349e-11
3.924190e-01 5.634070e-11
4.531580e-01 4.180150e-11
5.232990e-01 3.095236e-11
6.042960e-01 2.275014e-11
6.978310e-01 1.703822e-11
8.058420e-01 1.275215e-11
9.305720e-01 9.530644e-12
1.074610e+00 7.046146e-12
1.240940e+00 5.310732e-12
1.433010e+00 3.994250e-12
1.654820e+00 2.996587e-12
1.910950e+00 2.219606e-12
2.206730e+00 1.676532e-12
2.548300e+00 1.263048e-12
2.942730e+00 9.487655e-13
3.398210e+00 7.034989e-13
3.924190e+00 5.312804e-13
4.531580e+00 3.999094e-13
5.232990e+00 2.999460e-13
6.042960e+00 2.222066e-13
6.978310e+00 1.675821e-13
8.058420e+00 1.260692e-13
9.305720e+00 9.459631e-14
1.074610e+01 7.019548e-14
1.240940e+01 5.304775e-14
1.433010e+01 3.999210e-14
1.654820e+01 3.006292e-14
1.910950e+01 2.229163e-14
2.206730e+01 1.684539e-14
2.548300e+01 1.269230e-14
2.942730e+01 9.533675e-15
3.398210e+01 7.055447e-15
3.924190e+01 5.330785e-15
4.531580e+01 4.018327e-15
5.232990e+01 3.021067e-15
6.042960e+01 2.237225e-15
6.978310e+01 1.692787e-15
8.058420e+01 1.277877e-15
9.305720e+01 9.620055e-16
1.074610e+02 7.127156e-16
1.240940e+02 5.394735e-16
1.433010e+02 4.072457e-16
1.654820e+02 3.064704e-16
1.910950e+02 2.268180e-16
2.206730e+02 1.715354e-16
2.548300e+02 1.293595e-16
2.942730e+02 9.723921e-17
3.398210e+02 7.185833e-17
3.924190e+02 5.427545e-17
4.531580e+02 4.087368e-17
5.232990e+02 3.067803e-17
6.042960e+02 2.262688e-17
6.978310e+02 1.706101e-17
8.058420e+02 1.282420e-17
9.305720e+02 9.605507e-18
1.074610e+03 7.066438e-18
1.240940e+03 5.315847e-18
1.433010e+03 3.985633e-18
1.654820e+03 2.976976e-18
1.910950e+03 2.182524e-18
2.206730e+03 1.636673e-18
2.548300e+03 1.222907e-18
2.942730e+03 9.100018e-19
3.398210e+03 6.640401e-19
3.924190e+03 4.958531e-19
4.531580e+03 3.687849e-19
5.232990e+03 2.730404e-19
6.042960e+03 1.979870e-19
6.978310e+03 1.469996e-19
8.058420e+03 1.086527e-19
9.305720e+03 7.990088e-20
1.074610e+04 5.744651e-20
1.240940e+04 4.232878e-20
1.433010e+04 3.102889e-20
1.654820e+04 2.261281e-20
1.910950e+04 1.607377e-20
2.206730e+04 1.172443e-20
2.548300e+04 8.500676e-21
2.942730e+04 6.121424e-21
3.398210e+04 4.285389e-21
3.924190e+04 3.084289e-21
4.531580e+04 2.204063e-21
5.232990e+04 1.562339e-21
6.042960e+04 1.071666e-21
6.978310e+04 7.578325e-22
8.058420e+04 5.313187e-22
9.305720e+04 3.688858e-22
1.074610e+05 2.462180e-22
1.240940e+05 1.701233e-22
1.433010e+05 1.163176e-22
1.654820e+05 7.858005e-23
1.910950e+05 5.055693e-23
2.206730e+05 3.388069e-23
2.548300e+05 2.241113e-23
2.942730e+05 1.460470e-23
3.398210e+05 8.938535e-24
3.924190e+05 5.753048e-24
4.531580e+05 3.642821e-24
5.232990e+05 2.263615e-24
6.042960e+05 1.293421e-24
6.978310e+05 7.890630e-25
8.058420e+05 4.715465e-25
9.305720e+05 2.751354e-25
1.074610e+06 1.428306e-25
1.240940e+06 8.114107e-26
1.433010e+06 4.490851e-26
1.654820e+06 2.410744e-26
1.910950e+06 1.092042e-26
2.206730e+06 5.640078e-27
2.548300e+06 2.818867e-27
2.942730e+06 1.355213e-27
3.398210e+06 5.035297e-28
3.924190e+06 2.286685e-28
4.531580e+06 9.969600e-29
5.232990e+06 4.140521e-29
6.042960e+06 1.140376e-29
6.978310e+06 4.329159e-30
8.058420e+06 1.564940e-30
9.305720e+06 5.357158e-31
1.074610e+07 9.127034e-32
1.240940e+07 2.651138e-32
1.433010e+07 7.240563e-33
1.654820e+07 1.897916e-33
1.910950e+07 1.523479e-34
2.206730e+07 2.882799e-35
2.548300e+07 4.872874e-36
2.942730e+07 8.068918e-37
3.398210e+07 2.318154e-38
3.924190e+07 2.159805e-39
4.531580e+07 1.540813e-40
5.232990e+07 9.969163e-42
6.042960e+07 6.818709e-44
6.978310e+07 1.885100e-45
8.058420e+07 2.257269e-47
9.305720e+07 0.000000e+00
