Ev [GeV]   dN_dEv [s^-1 GeV^-1]
3.398210e-02 6.661871e-07
3.924190e-02 6.407450e-07
4.531580e-02 6.069602e-07
5.232990e-02 5.677750e-07
6.042960e-02 5.191899e-07
6.978310e-02 4.632100e-07
8.058420e-02 4.004965e-07
9.305720e-02 3.333774e-07
1.074610e-01 2.645501e-07
1.240940e-01 2.076814e-07
1.433010e-01 1.602973e-07
1.654820e-01 1.219623e-07
1.910950e-01 9.023527e-08
2.206730e-01 6.777299e-08
2.548300e-01 5.053401e-08
2.942730e-01 3.740910e-08
3.398210e-01 2.730204e-08
3.924190e-01 2.030128e-08
4.531580e-01 1.506131e-08
5.232990e-01 1.115149e-08
6.042960e-01 8.195871e-09
6.978310e-01 6.137770e-09
8.058420e-01 4.593511e-09
9.305720e-01 3.432876e-09
1.074610e+00 2.537806e-09
1.240940e+00 1.912645e-09
1.433010e+00 1.438418e-09
1.654820e+00 1.079062e-09
1.910950e+00 7.992068e-10
2.206730e+00 6.036142e-10
2.548300e+00 4.547059e-10
2.942730e+00 3.415300e-10
3.398210e+00 2.532114e-10
3.924190e+00 1.912033e-10
4.531580e+00 1.439074e-10
5.232990e+00 1.079211e-10
6.042960e+00 7.993761e-11
6.978310e+00 6.027732e-11
8.058420e+00 4.533779e-11
9.305720e+00 3.401291e-11
1.074610e+01 2.523378e-11
1.240940e+01 1.906542e-11
1.433010e+01 1.436973e-11
1.654820e+01 1.079916e-11
1.910950e+01 8.004957e-12
2.206730e+01 6.047313e-12
2.548300e+01 4.554792e-12
2.942730e+01 3.419935e-12
3.398210e+01 2.529711e-12
3.924190e+01 1.910455e-12
4.531580e+01 1.439353e-12
5.232990e+01 1.081512e-12
6.042960e+01 8.003317e-13
6.978310e+01 6.051557e-13
8.058420e+01 4.564869e-13
9.305720e+01 3.433631e-13
1.074610e+02 2.541191e-13
1.240940e+02 1.921597e-13
1.433010e+02 1.449011e-13
1.654820e+02 1.089113e-13
1.910950e+02 8.048077e-14
2.206730e+02 6.077726e-14
2.548300e+02 4.576013e-14
2.942730e+02 3.433631e-14
3.398210e+02 2.531729e-14
3.924190e+02 1.908239e-14
4.531580e+02 1.433726e-14
5.232990e+02 1.073321e-14
6.042960e+02 7.890831e-15
6.978310e+02 5.931963e-15
8.058420e+02 4.444103e-15
9.305720e+02 3.316510e-15
1.074610e+03 2.428635e-15
1.240940e+03 1.819240e-15
1.433010e+03 1.357655e-15
1.654820e+03 1.008871e-15
1.910950e+03 7.348686e-16
2.206730e+03 5.478322e-16
2.548300e+03 4.066963e-16
2.942730e+03 3.004909e-16
3.398210e+03 2.173151e-16
3.924190e+03 1.609636e-16
4.531580e+03 1.186598e-16
5.232990e+03 8.700495e-17
6.042960e+03 6.231925e-17
6.978310e+03 4.576430e-17
8.058420e+03 3.342340e-17
9.305720e+03 2.425932e-17
1.074610e+04 1.715352e-17
1.240940e+04 1.245414e-17
1.433010e+04 8.984209e-18
1.654820e+04 6.433801e-18
1.910950e+04 4.471573e-18
2.206730e+04 3.198062e-18
2.548300e+04 2.269746e-18
2.942730e+04 1.596862e-18
3.398210e+04 1.084517e-18
3.924190e+04 7.604305e-19
4.531580e+04 5.282305e-19
5.232990e+04 3.630455e-19
6.042960e+04 2.390379e-19
6.978310e+04 1.632792e-19
8.058420e+04 1.102544e-19
9.305720e+04 7.347514e-20
1.074610e+05 4.638766e-20
1.240940e+05 3.060917e-20
1.433010e+05 1.990953e-20
1.654820e+05 1.273754e-20
1.910950e+05 7.592483e-21
2.206730e+05 4.785284e-21
2.548300e+05 2.961867e-21
2.942730e+05 1.795196e-21
3.398210e+05 9.880008e-22
3.924190e+05 5.858248e-22
4.531580e+05 3.394704e-22
5.232990e+05 1.915197e-22
6.042960e+05 9.419467e-23
6.978310e+05 5.147947e-23
8.058420e+05 2.732964e-23
9.305720e+05 1.402196e-23
1.074610e+06 5.867960e-24
1.240940e+06 2.874743e-24
1.433010e+06 1.358092e-24
1.654820e+06 6.144514e-25
1.910950e+06 2.026053e-25
2.206730e+06 8.549576e-26
2.548300e+06 3.450530e-26
2.942730e+06 1.321347e-26
3.398210e+06 3.009518e-27
3.924190e+06 1.025592e-27
4.531580e+06 3.314167e-28
5.232990e+06 1.017882e-28
6.042960e+06 1.273111e-29
6.978310e+06 3.115910e-30
8.058420e+06 7.057342e-31
9.305720e+06 1.552136e-31
1.074610e+07 8.064950e-33
1.240940e+07 1.151017e-33
1.433010e+07 1.388089e-34
1.654820e+07 1.622541e-35
1.910950e+07 2.583165e-37
2.206730e+07 1.502561e-38
2.548300e+07 5.976983e-40
2.942730e+07 1.868919e-41
3.398210e+07 5.422522e-44
3.924190e+07 7.061040e-46
4.531580e+07 4.251445e-48
5.232990e+07 1.142096e-50
6.042960e+07 2.073526e-54
6.978310e+07 1.202596e-57
8.058420e+07 1.573117e-61
9.305720e+07 0.000000e+00
