Ev [GeV]   dN_dEv [s^-1 GeV^-1]
3.398210e-02 6.194520e-07
3.924190e-02 5.957948e-07
4.531580e-02 5.643801e-07
5.232990e-02 5.279438e-07
6.042960e-02 4.827672e-07
6.978310e-02 4.307144e-07
8.058420e-02 3.724005e-07
9.305720e-02 3.099899e-07
1.074610e-01 2.459911e-07
1.240940e-01 1.931120e-07
1.433010e-01 1.490520e-07
1.654820e-01 1.134062e-07
1.910950e-01 8.390499e-08
2.206730e-01 6.301851e-08
2.548300e-01 4.698890e-08
2.942730e-01 3.478474e-08
3.398210e-01 2.538672e-08
3.924190e-01 1.887708e-08
4.531580e-01 1.400471e-08
5.232990e-01 1.036918e-08
6.042960e-01 7.620905e-09
6.978310e-01 5.707187e-09
8.058420e-01 4.271262e-09
9.305720e-01 3.192049e-09
1.074610e+00 2.359771e-09
1.240940e+00 1.778467e-09
1.433010e+00 1.337509e-09
1.654820e+00 1.003363e-09
1.910950e+00 7.431400e-10
2.206730e+00 5.612688e-10
2.548300e+00 4.228069e-10
2.942730e+00 3.175706e-10
3.398210e+00 2.354478e-10
3.924190e+00 1.777898e-10
4.531580e+00 1.338119e-10
5.232990e+00 1.003501e-10
6.042960e+00 7.432974e-11
6.978310e+00 5.604868e-11
8.058420e+00 4.215721e-11
9.305720e+00 3.162680e-11
1.074610e+01 2.346355e-11
1.240940e+01 1.772792e-11
1.433010e+01 1.336165e-11
1.654820e+01 1.004157e-11
1.910950e+01 7.443385e-12
2.206730e+01 5.623075e-12
2.548300e+01 4.235259e-12
2.942730e+01 3.180016e-12
3.398210e+01 2.352244e-12
3.924190e+01 1.776431e-12
4.531580e+01 1.338378e-12
5.232990e+01 1.005641e-12
6.042960e+01 7.441860e-13
6.978310e+01 5.627022e-13
8.058420e+01 4.244629e-13
9.305720e+01 3.192751e-13
1.074610e+02 2.362919e-13
1.240940e+02 1.786791e-13
1.433010e+02 1.347358e-13
1.654820e+02 1.012708e-13
1.910950e+02 7.483480e-14
2.206730e+02 5.651355e-14
2.548300e+02 4.254992e-14
2.942730e+02 3.192751e-14
3.398210e+02 2.354120e-14
3.924190e+02 1.774370e-14
4.531580e+02 1.333146e-14
5.232990e+02 9.980241e-15
6.042960e+02 7.337265e-15
6.978310e+02 5.515817e-15
8.058420e+02 4.132335e-15
9.305720e+02 3.083847e-15
1.074610e+03 2.258259e-15
1.240940e+03 1.691615e-15
1.433010e+03 1.262411e-15
1.654820e+03 9.380952e-16
1.910950e+03 6.833153e-16
2.206730e+03 5.094001e-16
2.548300e+03 3.781653e-16
2.942730e+03 2.794105e-16
3.398210e+03 2.020698e-16
3.924190e+03 1.496715e-16
4.531580e+03 1.103355e-16
5.232990e+03 8.090129e-17
6.042960e+03 5.794736e-17
6.978310e+03 4.255379e-17
8.058420e+03 3.107865e-17
9.305720e+03 2.255745e-17
1.074610e+04 1.595015e-17
1.240940e+04 1.158044e-17
1.433010e+04 8.353939e-18
1.654820e+04 5.982450e-18
1.910950e+04 4.157879e-18
2.206730e+04 2.973708e-18
2.548300e+04 2.110516e-18
2.942730e+04 1.484837e-18
3.398210e+04 1.008435e-18
3.924190e+04 7.070839e-19
4.531580e+04 4.911735e-19
5.232990e+04 3.375768e-19
6.042960e+04 2.222687e-19
6.978310e+04 1.518247e-19
8.058420e+04 1.025197e-19
9.305720e+04 6.832063e-20
1.074610e+05 4.313342e-20
1.240940e+05 2.846185e-20
1.433010e+05 1.851281e-20
1.654820e+05 1.184396e-20
1.910950e+05 7.059847e-21
2.206730e+05 4.449582e-21
2.548300e+05 2.754083e-21
2.942730e+05 1.669258e-21
3.398210e+05 9.186895e-22
3.924190e+05 5.447274e-22
4.531580e+05 3.156555e-22
5.232990e+05 1.780840e-22
6.042960e+05 8.758663e-23
6.978310e+05 4.786802e-23
8.058420e+05 2.541238e-23
9.305720e+05 1.303828e-23
1.074610e+06 5.456305e-24
1.240940e+06 2.673071e-24
1.433010e+06 1.262818e-24
1.654820e+06 5.713458e-25
1.910950e+06 1.883919e-25
2.206730e+06 7.949797e-26
2.548300e+06 3.208465e-26
2.942730e+06 1.228650e-26
3.398210e+06 2.798391e-27
3.924190e+06 9.536440e-28
4.531580e+06 3.081668e-28
5.232990e+06 9.464749e-29
6.042960e+06 1.183798e-29
6.978310e+06 2.897320e-30
8.058420e+06 6.562248e-31
9.305720e+06 1.443249e-31
1.074610e+07 7.499169e-33
1.240940e+07 1.070269e-33
1.433010e+07 1.290710e-34
1.654820e+07 1.508715e-35
1.910950e+07 2.401948e-37
2.206730e+07 1.397152e-38
2.548300e+07 5.557679e-40
2.942730e+07 1.737808e-41
3.398210e+07 5.042115e-44
3.924190e+07 6.565686e-46
4.531580e+07 3.953193e-48
5.232990e+07 1.061974e-50
6.042960e+07 1.928062e-54
6.978310e+07 1.118230e-57
8.058420e+07 1.462758e-61
9.305720e+07 0.000000e+00
