Ev [GeV]   dN_dEv [s^-1 GeV^-1]
3.398210e-02 1.279154e-06
3.924190e-02 1.230303e-06
4.531580e-02 1.165432e-06
5.232990e-02 1.090192e-06
6.042960e-02 9.969032e-07
6.978310e-02 8.894154e-07
8.058420e-02 7.689985e-07
9.305720e-02 6.401221e-07
1.074610e-01 5.079660e-07
1.240940e-01 3.987718e-07
1.433010e-01 3.077889e-07
1.654820e-01 2.341813e-07
1.910950e-01 1.732619e-07
2.206730e-01 1.301318e-07
2.548300e-01 9.703100e-08
2.942730e-01 7.182969e-08
3.398210e-01 5.242299e-08
3.924190e-01 3.898074e-08
4.531580e-01 2.891941e-08
5.232990e-01 2.141211e-08
6.042960e-01 1.573700e-08
6.978310e-01 1.178521e-08
8.058420e-01 8.820059e-09
9.305720e-01 6.591508e-09
1.074610e+00 4.872873e-09
1.240940e+00 3.672494e-09
1.433010e+00 2.761925e-09
1.654820e+00 2.071921e-09
1.910950e+00 1.534567e-09
2.206730e+00 1.159007e-09
2.548300e+00 8.730865e-10
2.942730e+00 6.557760e-10
3.398210e+00 4.861944e-10
3.924190e+00 3.671319e-10
4.531580e+00 2.763185e-10
5.232990e+00 2.072206e-10
6.042960e+00 1.534892e-10
6.978310e+00 1.157392e-10
8.058420e+00 8.705367e-11
9.305720e+00 6.530862e-11
1.074610e+01 4.845170e-11
1.240940e+01 3.660775e-11
1.433010e+01 2.759150e-11
1.654820e+01 2.073561e-11
1.910950e+01 1.537042e-11
2.206730e+01 1.161152e-11
2.548300e+01 8.745714e-12
2.942730e+01 6.566660e-12
3.398210e+01 4.857329e-12
3.924190e+01 3.668289e-12
4.531580e+01 2.763720e-12
5.232990e+01 2.076626e-12
6.042960e+01 1.536727e-12
6.978310e+01 1.161967e-12
8.058420e+01 8.765063e-13
9.305720e+01 6.592958e-13
1.074610e+02 4.879373e-13
1.240940e+02 3.689683e-13
1.433010e+02 2.782264e-13
1.654820e+02 2.091220e-13
1.910950e+02 1.545321e-13
2.206730e+02 1.166992e-13
2.548300e+02 8.786461e-14
2.942730e+02 6.592958e-14
3.398210e+02 4.861204e-14
3.924190e+02 3.664034e-14
4.531580e+02 2.752915e-14
5.232990e+02 2.060897e-14
6.042960e+02 1.515128e-14
6.978310e+02 1.139004e-14
8.058420e+02 8.533178e-15
9.305720e+02 6.368073e-15
1.074610e+03 4.663252e-15
1.240940e+03 3.493146e-15
1.433010e+03 2.606850e-15
1.654820e+03 1.937145e-15
1.910950e+03 1.411030e-15
2.206730e+03 1.051900e-15
2.548300e+03 7.809027e-16
2.942730e+03 5.769763e-16
3.398210e+03 4.172695e-16
3.924190e+03 3.090683e-16
4.531580e+03 2.278402e-16
5.232990e+03 1.670593e-16
6.042960e+03 1.196600e-16
6.978310e+03 8.787261e-17
8.058420e+03 6.417670e-17
9.305720e+03 4.658063e-17
1.074610e+04 3.293669e-17
1.240940e+04 2.391335e-17
1.433010e+04 1.725069e-17
1.654820e+04 1.235362e-17
1.910950e+04 8.585925e-18
2.206730e+04 6.140638e-18
2.548300e+04 4.358168e-18
2.942730e+04 3.066155e-18
3.398210e+04 2.082395e-18
3.924190e+04 1.460112e-18
4.531580e+04 1.014262e-18
5.232990e+04 6.970883e-19
6.042960e+04 4.589797e-19
6.978310e+04 3.135145e-19
8.058420e+04 2.117008e-19
9.305720e+04 1.410805e-19
1.074610e+05 8.906953e-20
1.240940e+05 5.877306e-20
1.433010e+05 3.822854e-20
1.654820e+05 2.445751e-20
1.910950e+05 1.457842e-20
2.206730e+05 9.188284e-21
2.548300e+05 5.687119e-21
2.942730e+05 3.446979e-21
3.398210e+05 1.897073e-21
3.924190e+05 1.124850e-21
4.531580e+05 6.518213e-22
5.232990e+05 3.677394e-22
6.042960e+05 1.808644e-22
6.978310e+05 9.884638e-23
8.058420e+05 5.247598e-23
9.305720e+05 2.692375e-23
1.074610e+06 1.126714e-23
1.240940e+06 5.519830e-24
1.433010e+06 2.607690e-24
1.654820e+06 1.179816e-24
1.910950e+06 3.890249e-25
2.206730e+06 1.641615e-25
2.548300e+06 6.625406e-26
2.942730e+06 2.537135e-26
3.398210e+06 5.778613e-27
3.924190e+06 1.969253e-27
4.531580e+06 6.363574e-28
5.232990e+06 1.954449e-28
6.042960e+06 2.444516e-29
6.978310e+06 5.982899e-30
8.058420e+06 1.355089e-30
9.305720e+06 2.980275e-31
1.074610e+07 1.548561e-32
1.240940e+07 2.210082e-33
1.433010e+07 2.665286e-34
1.654820e+07 3.115461e-35
1.910950e+07 4.959968e-37
2.206730e+07 2.885087e-38
2.548300e+07 1.147648e-39
2.942730e+07 3.588534e-41
3.398210e+07 1.041185e-43
3.924190e+07 1.355799e-45
4.531580e+07 8.163253e-48
5.232990e+07 2.192953e-50
6.042960e+07 3.981403e-54
6.978310e+07 2.309120e-57
8.058420e+07 3.020563e-61
9.305720e+07 0.000000e+00
