Ev [GeV]   dN_dEv [s^-1 GeV^-1]
3.398210e-02 4.103041e-06
3.924190e-02 3.946343e-06
4.531580e-02 3.738263e-06
5.232990e-02 3.496922e-06
6.042960e-02 3.197687e-06
6.978310e-02 2.852907e-06
8.058420e-02 2.466655e-06
9.305720e-02 2.053269e-06
1.074610e-01 1.629362e-06
1.240940e-01 1.279108e-06
1.433010e-01 9.872698e-07
1.654820e-01 7.511647e-07
1.910950e-01 5.557583e-07
2.206730e-01 4.174133e-07
2.548300e-01 3.112386e-07
2.942730e-01 2.304024e-07
3.398210e-01 1.681530e-07
3.924190e-01 1.250354e-07
4.531580e-01 9.276249e-08
5.232990e-01 6.868193e-08
6.042960e-01 5.047830e-08
6.978310e-01 3.780248e-08
8.058420e-01 2.829140e-08
9.305720e-01 2.114306e-08
1.074610e+00 1.563033e-08
1.240940e+00 1.177997e-08
1.433010e+00 8.859206e-09
1.654820e+00 6.645936e-09
1.910950e+00 4.922309e-09
2.206730e+00 3.717655e-09
2.548300e+00 2.800530e-09
2.942730e+00 2.103481e-09
3.398210e+00 1.559527e-09
3.924190e+00 1.177620e-09
4.531580e+00 8.863248e-10
5.232990e+00 6.646850e-10
6.042960e+00 4.923351e-10
6.978310e+00 3.712475e-10
8.058420e+00 2.792351e-10
9.305720e+00 2.094853e-10
1.074610e+01 1.554147e-10
1.240940e+01 1.174237e-10
1.433010e+01 8.850306e-11
1.654820e+01 6.651196e-11
1.910950e+01 4.930247e-11
2.206730e+01 3.724535e-11
2.548300e+01 2.805293e-11
2.942730e+01 2.106335e-11
3.398210e+01 1.558047e-11
3.924190e+01 1.176648e-11
4.531580e+01 8.864964e-12
5.232990e+01 6.661027e-12
6.042960e+01 4.929237e-12
6.978310e+01 3.727149e-12
8.058420e+01 2.811499e-12
9.305720e+01 2.114771e-12
1.074610e+02 1.565118e-12
1.240940e+02 1.183510e-12
1.433010e+02 8.924445e-13
1.654820e+02 6.707839e-13
1.910950e+02 4.956804e-13
2.206730e+02 3.743266e-13
2.548300e+02 2.818363e-13
2.942730e+02 2.114771e-13
3.398210e+02 1.559290e-13
3.924190e+02 1.175283e-13
4.531580e+02 8.830308e-14
5.232990e+02 6.610575e-14
6.042960e+02 4.859957e-14
6.978310e+02 3.653491e-14
8.058420e+02 2.737119e-14
9.305720e+02 2.042636e-14
1.074610e+03 1.495794e-14
1.240940e+03 1.120469e-14
1.433010e+03 8.361786e-15
1.654820e+03 6.213626e-15
1.910950e+03 4.526050e-15
2.206730e+03 3.374094e-15
2.548300e+03 2.504839e-15
2.942730e+03 1.850721e-15
3.398210e+03 1.338442e-15
3.924190e+03 9.913737e-16
4.531580e+03 7.308249e-16
5.232990e+03 5.358628e-16
6.042960e+03 3.838238e-16
6.978310e+03 2.818620e-16
8.058420e+03 2.058545e-16
9.305720e+03 1.494130e-16
1.074610e+04 1.056484e-16
1.240940e+04 7.670494e-17
1.433010e+04 5.533368e-17
1.654820e+04 3.962573e-17
1.910950e+04 2.754039e-17
2.206730e+04 1.969684e-17
2.548300e+04 1.397935e-17
2.942730e+04 9.835059e-18
3.398210e+04 6.679534e-18
3.924190e+04 4.683485e-18
4.531580e+04 3.253367e-18
5.232990e+04 2.235994e-18
6.042960e+04 1.472233e-18
6.978310e+04 1.005635e-18
8.058420e+04 6.790558e-19
9.305720e+04 4.525328e-19
1.074610e+05 2.857012e-19
1.240940e+05 1.885217e-19
1.433010e+05 1.226226e-19
1.654820e+05 7.845041e-20
1.910950e+05 4.676204e-20
2.206730e+05 2.947253e-20
2.548300e+05 1.824212e-20
2.942730e+05 1.105660e-20
3.398210e+05 6.085089e-21
3.924190e+05 3.608090e-21
4.531580e+05 2.090795e-21
5.232990e+05 1.179568e-21
6.042960e+05 5.801442e-22
6.978310e+05 3.170616e-22
8.058420e+05 1.683230e-22
9.305720e+05 8.636115e-23
1.074610e+06 3.614072e-23
1.240940e+06 1.770552e-23
1.433010e+06 8.364480e-24
1.654820e+06 3.784401e-24
1.910950e+06 1.247844e-24
2.206730e+06 5.265677e-25
2.548300e+06 2.125179e-25
2.942730e+06 8.138165e-26
3.398210e+06 1.853560e-26
3.924190e+06 6.316616e-27
4.531580e+06 2.041193e-27
5.232990e+06 6.269130e-28
6.042960e+06 7.841080e-29
6.978310e+06 1.919087e-29
8.058420e+06 4.346612e-30
9.305720e+06 9.559591e-31
1.074610e+07 4.967196e-32
1.240940e+07 7.089103e-33
1.433010e+07 8.549227e-34
1.654820e+07 9.993216e-35
1.910950e+07 1.590969e-36
2.206730e+07 9.254262e-38
2.548300e+07 3.681219e-39
2.942730e+07 1.151066e-40
3.398210e+07 3.339727e-43
3.924190e+07 4.348889e-45
4.531580e+07 2.618462e-47
5.232990e+07 7.034161e-50
6.042960e+07 1.277083e-53
6.978310e+07 7.406781e-57
8.058420e+07 9.688818e-61
9.305720e+07 0.000000e+00
