Ev [GeV]   dN_dEv [s^-1 GeV^-1]
3.398210e-02 4.125383e-06
3.924190e-02 3.967832e-06
4.531580e-02 3.758618e-06
5.232990e-02 3.515963e-06
6.042960e-02 3.215099e-06
6.978310e-02 2.868441e-06
8.058420e-02 2.480086e-06
9.305720e-02 2.064449e-06
1.074610e-01 1.638234e-06
1.240940e-01 1.286073e-06
1.433010e-01 9.926457e-07
1.654820e-01 7.552549e-07
1.910950e-01 5.587845e-07
2.206730e-01 4.196862e-07
2.548300e-01 3.129333e-07
2.942730e-01 2.316569e-07
3.398210e-01 1.690687e-07
3.924190e-01 1.257162e-07
4.531580e-01 9.326760e-08
5.232990e-01 6.905592e-08
6.042960e-01 5.075317e-08
6.978310e-01 3.800832e-08
8.058420e-01 2.844545e-08
9.305720e-01 2.125818e-08
1.074610e+00 1.571544e-08
1.240940e+00 1.184411e-08
1.433010e+00 8.907446e-09
1.654820e+00 6.682125e-09
1.910950e+00 4.949112e-09
2.206730e+00 3.737899e-09
2.548300e+00 2.815779e-09
2.942730e+00 2.114934e-09
3.398210e+00 1.568019e-09
3.924190e+00 1.184032e-09
4.531580e+00 8.911510e-10
5.232990e+00 6.683044e-10
6.042960e+00 4.950160e-10
6.978310e+00 3.732691e-10
8.058420e+00 2.807556e-10
9.305720e+00 2.106259e-10
1.074610e+01 1.562609e-10
1.240940e+01 1.180631e-10
1.433010e+01 8.898497e-11
1.654820e+01 6.687413e-11
1.910950e+01 4.957093e-11
2.206730e+01 3.744816e-11
2.548300e+01 2.820568e-11
2.942730e+01 2.117805e-11
3.398210e+01 1.566531e-11
3.924190e+01 1.183055e-11
4.531580e+01 8.913235e-12
5.232990e+01 6.697298e-12
6.042960e+01 4.956077e-12
6.978310e+01 3.747444e-12
8.058420e+01 2.826808e-12
9.305720e+01 2.126286e-12
1.074610e+02 1.573640e-12
1.240940e+02 1.189955e-12
1.433010e+02 8.973040e-13
1.654820e+02 6.744365e-13
1.910950e+02 4.983795e-13
2.206730e+02 3.763649e-13
2.548300e+02 2.833710e-13
2.942730e+02 2.126286e-13
3.398210e+02 1.567780e-13
3.924190e+02 1.181683e-13
4.531580e+02 8.878390e-14
5.232990e+02 6.646570e-14
6.042960e+02 4.886420e-14
6.978310e+02 3.673385e-14
8.058420e+02 2.752024e-14
9.305720e+02 2.053759e-14
1.074610e+03 1.503939e-14
1.240940e+03 1.126570e-14
1.433010e+03 8.407317e-15
1.654820e+03 6.247460e-15
1.910950e+03 4.550695e-15
2.206730e+03 3.392467e-15
2.548300e+03 2.518479e-15
2.942730e+03 1.860798e-15
3.398210e+03 1.345730e-15
3.924190e+03 9.967719e-16
4.531580e+03 7.348044e-16
5.232990e+03 5.387807e-16
6.042960e+03 3.859138e-16
6.978310e+03 2.833968e-16
8.058420e+03 2.069754e-16
9.305720e+03 1.502265e-16
1.074610e+04 1.062237e-16
1.240940e+04 7.712261e-17
1.433010e+04 5.563498e-17
1.654820e+04 3.984150e-17
1.910950e+04 2.769035e-17
2.206730e+04 1.980409e-17
2.548300e+04 1.405547e-17
2.942730e+04 9.888613e-18
3.398210e+04 6.715905e-18
3.924190e+04 4.708988e-18
4.531580e+04 3.271083e-18
5.232990e+04 2.248170e-18
6.042960e+04 1.480249e-18
6.978310e+04 1.011111e-18
8.058420e+04 6.827534e-19
9.305720e+04 4.549969e-19
1.074610e+05 2.872569e-19
1.240940e+05 1.895482e-19
1.433010e+05 1.232903e-19
1.654820e+05 7.887758e-20
1.910950e+05 4.701667e-20
2.206730e+05 2.963301e-20
2.548300e+05 1.834145e-20
2.942730e+05 1.111680e-20
3.398210e+05 6.118224e-21
3.924190e+05 3.627737e-21
4.531580e+05 2.102180e-21
5.232990e+05 1.185991e-21
6.042960e+05 5.833032e-22
6.978310e+05 3.187881e-22
8.058420e+05 1.692396e-22
9.305720e+05 8.683140e-23
1.074610e+06 3.633751e-23
1.240940e+06 1.780193e-23
1.433010e+06 8.410026e-24
1.654820e+06 3.805008e-24
1.910950e+06 1.254639e-24
2.206730e+06 5.294350e-25
2.548300e+06 2.136751e-25
2.942730e+06 8.182479e-26
3.398210e+06 1.863652e-26
3.924190e+06 6.351011e-27
4.531580e+06 2.052307e-27
5.232990e+06 6.303267e-28
6.042960e+06 7.883776e-29
6.978310e+06 1.929537e-29
8.058420e+06 4.370280e-30
9.305720e+06 9.611645e-31
1.074610e+07 4.994244e-32
1.240940e+07 7.127705e-33
1.433010e+07 8.595779e-34
1.654820e+07 1.004763e-34
1.910950e+07 1.599632e-36
2.206730e+07 9.304653e-38
2.548300e+07 3.701264e-39
2.942730e+07 1.157333e-40
3.398210e+07 3.357912e-43
3.924190e+07 4.372569e-45
4.531580e+07 2.632720e-47
5.232990e+07 7.072463e-50
6.042960e+07 1.284037e-53
6.978310e+07 7.447112e-57
8.058420e+07 9.741575e-61
9.305720e+07 0.000000e+00
