Ev [GeV]   dN_dEv [s^-1 GeV^-1]
3.398210e-02 4.011816e-06
3.924190e-02 3.858602e-06
4.531580e-02 3.655148e-06
5.232990e-02 3.419173e-06
6.042960e-02 3.126591e-06
6.978310e-02 2.789476e-06
8.058420e-02 2.411812e-06
9.305720e-02 2.007617e-06
1.074610e-01 1.593135e-06
1.240940e-01 1.250669e-06
1.433010e-01 9.653193e-07
1.654820e-01 7.344636e-07
1.910950e-01 5.434018e-07
2.206730e-01 4.081327e-07
2.548300e-01 3.043186e-07
2.942730e-01 2.252797e-07
3.398210e-01 1.644144e-07
3.924190e-01 1.222554e-07
4.531580e-01 9.070005e-08
5.232990e-01 6.715489e-08
6.042960e-01 4.935599e-08
6.978310e-01 3.696199e-08
8.058420e-01 2.766238e-08
9.305720e-01 2.067297e-08
1.074610e+00 1.528281e-08
1.240940e+00 1.151805e-08
1.433010e+00 8.662234e-09
1.654820e+00 6.498173e-09
1.910950e+00 4.812868e-09
2.206730e+00 3.634999e-09
2.548300e+00 2.738264e-09
2.942730e+00 2.056713e-09
3.398210e+00 1.524853e-09
3.924190e+00 1.151437e-09
4.531580e+00 8.666186e-10
5.232990e+00 6.499067e-10
6.042960e+00 4.813887e-10
6.978310e+00 3.629934e-10
8.058420e+00 2.730267e-10
9.305720e+00 2.048277e-10
1.074610e+01 1.519592e-10
1.240940e+01 1.148130e-10
1.433010e+01 8.653532e-11
1.654820e+01 6.503316e-11
1.910950e+01 4.820630e-11
2.206730e+01 3.641726e-11
2.548300e+01 2.742921e-11
2.942730e+01 2.059504e-11
3.398210e+01 1.523406e-11
3.924190e+01 1.150487e-11
4.531580e+01 8.667864e-12
5.232990e+01 6.512929e-12
6.042960e+01 4.819642e-12
6.978310e+01 3.644281e-12
8.058420e+01 2.748990e-12
9.305720e+01 2.067752e-12
1.074610e+02 1.530319e-12
1.240940e+02 1.157196e-12
1.433010e+02 8.726023e-13
1.654820e+02 6.558700e-13
1.910950e+02 4.846597e-13
2.206730e+02 3.660040e-13
2.548300e+02 2.755701e-13
2.942730e+02 2.067752e-13
3.398210e+02 1.524621e-13
3.924190e+02 1.149152e-13
4.531580e+02 8.633978e-14
5.232990e+02 6.463598e-14
6.042960e+02 4.751902e-14
6.978310e+02 3.572261e-14
8.058420e+02 2.676264e-14
9.305720e+02 1.997221e-14
1.074610e+03 1.462537e-14
1.240940e+03 1.095557e-14
1.433010e+03 8.175873e-15
1.654820e+03 6.075475e-15
1.910950e+03 4.425420e-15
2.206730e+03 3.299076e-15
2.548300e+03 2.449148e-15
2.942730e+03 1.809573e-15
3.398210e+03 1.308684e-15
3.924190e+03 9.693319e-16
4.531580e+03 7.145761e-16
5.232990e+03 5.239487e-16
6.042960e+03 3.752900e-16
6.978310e+03 2.755952e-16
8.058420e+03 2.012776e-16
9.305720e+03 1.460910e-16
1.074610e+04 1.032995e-16
1.240940e+04 7.499951e-17
1.433010e+04 5.410341e-17
1.654820e+04 3.874471e-17
1.910950e+04 2.692806e-17
2.206730e+04 1.925891e-17
2.548300e+04 1.366854e-17
2.942730e+04 9.616391e-18
3.398210e+04 6.531024e-18
3.924190e+04 4.579355e-18
4.531580e+04 3.181033e-18
5.232990e+04 2.186280e-18
6.042960e+04 1.439500e-18
6.978310e+04 9.832765e-19
8.058420e+04 6.639580e-19
9.305720e+04 4.424714e-19
1.074610e+05 2.793491e-19
1.240940e+05 1.843301e-19
1.433010e+05 1.198963e-19
1.654820e+05 7.670617e-20
1.910950e+05 4.572236e-20
2.206730e+05 2.881725e-20
2.548300e+05 1.783653e-20
2.942730e+05 1.081077e-20
3.398210e+05 5.949796e-21
3.924190e+05 3.527870e-21
4.531580e+05 2.044309e-21
5.232990e+05 1.153342e-21
6.042960e+05 5.672456e-22
6.978310e+05 3.100122e-22
8.058420e+05 1.645806e-22
9.305720e+05 8.444103e-23
1.074610e+06 3.533718e-23
1.240940e+06 1.731186e-23
1.433010e+06 8.178508e-24
1.654820e+06 3.700261e-24
1.910950e+06 1.220100e-24
2.206730e+06 5.148603e-25
2.548300e+06 2.077928e-25
2.942730e+06 7.957225e-26
3.398210e+06 1.812348e-26
3.924190e+06 6.176175e-27
4.531580e+06 1.995810e-27
5.232990e+06 6.129745e-28
6.042960e+06 7.666744e-29
6.978310e+06 1.876419e-29
8.058420e+06 4.249971e-30
9.305720e+06 9.347047e-31
1.074610e+07 4.856758e-32
1.240940e+07 6.931487e-33
1.433010e+07 8.359147e-34
1.654820e+07 9.771031e-35
1.910950e+07 1.555596e-36
2.206730e+07 9.048507e-38
2.548300e+07 3.599373e-39
2.942730e+07 1.125473e-40
3.398210e+07 3.265473e-43
3.924190e+07 4.252197e-45
4.531580e+07 2.560244e-47
5.232990e+07 6.877766e-50
6.042960e+07 1.248689e-53
6.978310e+07 7.242102e-57
8.058420e+07 9.473401e-61
9.305720e+07 0.000000e+00
