Ev [GeV]   dN_dEv [s^-1 GeV^-1]
3.398210e-02 5.995684e-06
3.924190e-02 5.766705e-06
4.531580e-02 5.462642e-06
5.232990e-02 5.109975e-06
6.042960e-02 4.672710e-06
6.978310e-02 4.168890e-06
8.058420e-02 3.604469e-06
9.305720e-02 3.000396e-06
1.074610e-01 2.380951e-06
1.240940e-01 1.869133e-06
1.433010e-01 1.442676e-06
1.654820e-01 1.097660e-06
1.910950e-01 8.121175e-07
2.206730e-01 6.099569e-07
2.548300e-01 4.548061e-07
2.942730e-01 3.366819e-07
3.398210e-01 2.457183e-07
3.924190e-01 1.827115e-07
4.531580e-01 1.355518e-07
5.232990e-01 1.003634e-07
6.042960e-01 7.376284e-08
6.978310e-01 5.523993e-08
8.058420e-01 4.134160e-08
9.305720e-01 3.089588e-08
1.074610e+00 2.284025e-08
1.240940e+00 1.721381e-08
1.433010e+00 1.294576e-08
1.654820e+00 9.711561e-09
1.910950e+00 7.192862e-09
2.206730e+00 5.432528e-09
2.548300e+00 4.092353e-09
2.942730e+00 3.073770e-09
3.398210e+00 2.278903e-09
3.924190e+00 1.720830e-09
4.531580e+00 1.295167e-09
5.232990e+00 9.712896e-10
6.042960e+00 7.194385e-10
6.978310e+00 5.424959e-10
8.058420e+00 4.080401e-10
9.305720e+00 3.061162e-10
1.074610e+01 2.271040e-10
1.240940e+01 1.715887e-10
1.433010e+01 1.293276e-10
1.654820e+01 9.719247e-11
1.910950e+01 7.204462e-11
2.206730e+01 5.442582e-11
2.548300e+01 4.099313e-11
2.942730e+01 3.077941e-11
3.398210e+01 2.276740e-11
3.924190e+01 1.719410e-11
4.531580e+01 1.295418e-11
5.232990e+01 9.733612e-12
6.042960e+01 7.202985e-12
6.978310e+01 5.446401e-12
8.058420e+01 4.108382e-12
9.305720e+01 3.090268e-12
1.074610e+02 2.287072e-12
1.240940e+02 1.729437e-12
1.433010e+02 1.304110e-12
1.654820e+02 9.802018e-13
1.910950e+02 7.243269e-13
2.206730e+02 5.469953e-13
2.548300e+02 4.118412e-13
2.942730e+02 3.090268e-13
3.398210e+02 2.278556e-13
3.924190e+02 1.717415e-13
4.531580e+02 1.290353e-13
5.232990e+02 9.659887e-14
6.042960e+02 7.101748e-14
6.978310e+02 5.338766e-14
8.058420e+02 3.999693e-14
9.305720e+02 2.984859e-14
1.074610e+03 2.185771e-14
1.240940e+03 1.637316e-14
1.433010e+03 1.221889e-14
1.654820e+03 9.079835e-15
1.910950e+03 6.613817e-15
2.206730e+03 4.930490e-15
2.548300e+03 3.660266e-15
2.942730e+03 2.704418e-15
3.398210e+03 1.955836e-15
3.924190e+03 1.448673e-15
4.531580e+03 1.067938e-15
5.232990e+03 7.830445e-16
6.042960e+03 5.608733e-16
6.978310e+03 4.118787e-16
8.058420e+03 3.008106e-16
9.305720e+03 2.183339e-16
1.074610e+04 1.543817e-16
1.240940e+04 1.120872e-16
1.433010e+04 8.085788e-17
1.654820e+04 5.790421e-17
1.910950e+04 4.024416e-17
2.206730e+04 2.878255e-17
2.548300e+04 2.042771e-17
2.942730e+04 1.437176e-17
3.398210e+04 9.760656e-18
3.924190e+04 6.843874e-18
4.531580e+04 4.754074e-18
5.232990e+04 3.267410e-18
6.042960e+04 2.151341e-18
6.978310e+04 1.469513e-18
8.058420e+04 9.922893e-19
9.305720e+04 6.612763e-19
1.074610e+05 4.174889e-19
1.240940e+05 2.754826e-19
1.433010e+05 1.791858e-19
1.654820e+05 1.146379e-19
1.910950e+05 6.833235e-20
2.206730e+05 4.306756e-20
2.548300e+05 2.665681e-20
2.942730e+05 1.615677e-20
3.398210e+05 8.892007e-21
3.924190e+05 5.272423e-21
4.531580e+05 3.055233e-21
5.232990e+05 1.723677e-21
6.042960e+05 8.477520e-22
6.978310e+05 4.633152e-22
8.058420e+05 2.459667e-22
9.305720e+05 1.261977e-22
1.074610e+06 5.281164e-23
1.240940e+06 2.587269e-23
1.433010e+06 1.222283e-23
1.654820e+06 5.530063e-24
1.910950e+06 1.823447e-24
2.206730e+06 7.694619e-25
2.548300e+06 3.105477e-25
2.942730e+06 1.189212e-25
3.398210e+06 2.708566e-26
3.924190e+06 9.230332e-27
4.531580e+06 2.982750e-27
5.232990e+06 9.160942e-28
6.042960e+06 1.145800e-28
6.978310e+06 2.804319e-29
8.058420e+06 6.351608e-30
9.305720e+06 1.396922e-30
1.074610e+07 7.258455e-32
1.240940e+07 1.035915e-32
1.433010e+07 1.249280e-33
1.654820e+07 1.460287e-34
1.910950e+07 2.324848e-36
2.206730e+07 1.352305e-37
2.548300e+07 5.379285e-39
2.942730e+07 1.682027e-40
3.398210e+07 4.880269e-43
3.924190e+07 6.354936e-45
4.531580e+07 3.826300e-47
5.232990e+07 1.027886e-49
6.042960e+07 1.866173e-53
6.978310e+07 1.082337e-56
8.058420e+07 1.415806e-60
9.305720e+07 0.000000e+00
