Ev [GeV]   dN_dEv [s^-1 GeV^-1]
3.398210e-02 4.313214e-09
3.924190e-02 4.153494e-09
4.531580e-02 3.940127e-09
5.232990e-02 3.692783e-09
6.042960e-02 3.388235e-09
6.978310e-02 3.033297e-09
8.058420e-02 2.634544e-09
9.305720e-02 2.205865e-09
1.074610e-01 1.769140e-09
1.240940e-01 1.397974e-09
1.433010e-01 1.085382e-09
1.654820e-01 8.301598e-10
1.910950e-01 6.186362e-10
2.206730e-01 4.657174e-10
2.548300e-01 3.476811e-10
2.942730e-01 2.575081e-10
3.398210e-01 1.879894e-10
3.924190e-01 1.397963e-10
4.531580e-01 1.037207e-10
5.232990e-01 7.680105e-11
6.042960e-01 5.644917e-11
6.978310e-01 4.227636e-11
8.058420e-01 3.164148e-11
9.305720e-01 2.364807e-11
1.074610e+00 1.748337e-11
1.240940e+00 1.317734e-11
1.433010e+00 9.910799e-12
1.654820e+00 7.435332e-12
1.910950e+00 5.507435e-12
2.206730e+00 4.159922e-12
2.548300e+00 3.133958e-12
2.942730e+00 2.354140e-12
3.398210e+00 1.745568e-12
3.924190e+00 1.318248e-12
4.531580e+00 9.922818e-13
5.232990e+00 7.442461e-13
6.042960e+00 5.513538e-13
6.978310e+00 4.158158e-13
8.058420e+00 3.128113e-13
9.305720e+00 2.347187e-13
1.074610e+01 1.741737e-13
1.240940e+01 1.316256e-13
1.433010e+01 9.923106e-14
1.654820e+01 7.459412e-14
1.910950e+01 5.531148e-14
2.206730e+01 4.179791e-14
2.548300e+01 3.149298e-14
2.942730e+01 2.365559e-14
3.398210e+01 1.750645e-14
3.924190e+01 1.322710e-14
4.531580e+01 9.970540e-15
5.232990e+01 7.496072e-15
6.042960e+01 5.551153e-15
6.978310e+01 4.200256e-15
8.058420e+01 3.170755e-15
9.305720e+01 2.386992e-15
1.074610e+02 1.768437e-15
1.240940e+02 1.338578e-15
1.433010e+02 1.010485e-15
1.654820e+02 7.604348e-16
1.910950e+02 5.627959e-16
2.206730e+02 4.256250e-16
2.548300e+02 3.209753e-16
2.942730e+02 2.412764e-16
3.398210e+02 1.782997e-16
3.924190e+02 1.346719e-16
4.531580e+02 1.014185e-16
5.232990e+02 7.612036e-17
6.042960e+02 5.614333e-17
6.978310e+02 4.233292e-17
8.058420e+02 3.182027e-17
9.305720e+02 2.383382e-17
1.074610e+03 1.753372e-17
1.240940e+03 1.319003e-17
1.433010e+03 9.889417e-18
1.654820e+03 7.386672e-18
1.910950e+03 5.415424e-18
2.206730e+03 4.061021e-18
2.548300e+03 3.034359e-18
2.942730e+03 2.257957e-18
3.398210e+03 1.647661e-18
3.924190e+03 1.230344e-18
4.531580e+03 9.150536e-19
5.232990e+03 6.774861e-19
6.042960e+03 4.912586e-19
6.978310e+03 3.647453e-19
8.058420e+03 2.695963e-19
9.305720e+03 1.982554e-19
1.074610e+04 1.425401e-19
1.240940e+04 1.050290e-19
1.433010e+04 7.699094e-20
1.654820e+04 5.610840e-20
1.910950e+04 3.988332e-20
2.206730e+04 2.909143e-20
2.548300e+04 2.109244e-20
2.942730e+04 1.518889e-20
3.398210e+04 1.063319e-20
3.924190e+04 7.652944e-21
4.531580e+04 5.468867e-21
5.232990e+04 3.876581e-21
6.042960e+04 2.659090e-21
6.978310e+04 1.880384e-21
8.058420e+04 1.318343e-21
9.305720e+04 9.153040e-22
1.074610e+05 6.109325e-22
1.240940e+05 4.221213e-22
1.433010e+05 2.886150e-22
1.654820e+05 1.949781e-22
1.910950e+05 1.254452e-22
2.206730e+05 8.406702e-23
2.548300e+05 5.560799e-23
2.942730e+05 3.623816e-23
3.398210e+05 2.217889e-23
3.924190e+05 1.427485e-23
4.531580e+05 9.038809e-24
5.232990e+05 5.616632e-24
6.042960e+05 3.209322e-24
6.978310e+05 1.957876e-24
8.058420e+05 1.170033e-24
9.305720e+05 6.826842e-25
1.074610e+06 3.544007e-25
1.240940e+06 2.013326e-25
1.433010e+06 1.114300e-25
1.654820e+06 5.981698e-26
1.910950e+06 2.709646e-26
2.206730e+06 1.399454e-26
2.548300e+06 6.994359e-27
2.942730e+06 3.362644e-27
3.398210e+06 1.249391e-27
3.924190e+06 5.673874e-28
4.531580e+06 2.473724e-28
5.232990e+06 1.027374e-28
6.042960e+06 2.829576e-29
6.978310e+06 1.074180e-29
8.058420e+06 3.883033e-30
9.305720e+06 1.329254e-30
1.074610e+07 2.264660e-31
1.240940e+07 6.578180e-32
1.433010e+07 1.796577e-32
1.654820e+07 4.709236e-33
1.910950e+07 3.780157e-34
2.206730e+07 7.152993e-35
2.548300e+07 1.209090e-35
2.942730e+07 2.002114e-36
3.398210e+07 5.751957e-38
3.924190e+07 5.359052e-39
4.531580e+07 3.823167e-40
5.232990e+07 2.473615e-41
6.042960e+07 1.691904e-43
6.978310e+07 4.677436e-45
8.058420e+07 5.600885e-47
9.305720e+07 0.000000e+00
