Ev [GeV]   dN_dEv [s^-1 GeV^-1]
3.398210e-02 3.112645e-05
3.924190e-02 2.993771e-05
4.531580e-02 2.835917e-05
5.232990e-02 2.652831e-05
6.042960e-02 2.425826e-05
6.978310e-02 2.164269e-05
8.058420e-02 1.871251e-05
9.305720e-02 1.557648e-05
1.074610e-01 1.236065e-05
1.240940e-01 9.703559e-06
1.433010e-01 7.489616e-06
1.654820e-01 5.698478e-06
1.910950e-01 4.216088e-06
2.206730e-01 3.166577e-06
2.548300e-01 2.361115e-06
2.942730e-01 1.747876e-06
3.398210e-01 1.275641e-06
3.924190e-01 9.485423e-07
4.531580e-01 7.037138e-07
5.232990e-01 5.210342e-07
6.042960e-01 3.829380e-07
6.978310e-01 2.867768e-07
8.058420e-01 2.146239e-07
9.305720e-01 1.603952e-07
1.074610e+00 1.185746e-07
1.240940e+00 8.936505e-08
1.433010e+00 6.720762e-08
1.654820e+00 5.041733e-08
1.910950e+00 3.734157e-08
2.206730e+00 2.820284e-08
2.548300e+00 2.124535e-08
2.942730e+00 1.595740e-08
3.398210e+00 1.183087e-08
3.924190e+00 8.933646e-09
4.531580e+00 6.723827e-09
5.232990e+00 5.042427e-09
6.042960e+00 3.734947e-09
6.978310e+00 2.816354e-09
8.058420e+00 2.118330e-09
9.305720e+00 1.589195e-09
1.074610e+01 1.179005e-09
1.240940e+01 8.907988e-10
1.433010e+01 6.714010e-10
1.654820e+01 5.045724e-10
1.910950e+01 3.740179e-10
2.206730e+01 2.825503e-10
2.548300e+01 2.128148e-10
2.942730e+01 1.597906e-10
3.398210e+01 1.181964e-10
3.924190e+01 8.926274e-11
4.531580e+01 6.725129e-11
5.232990e+01 5.053181e-11
6.042960e+01 3.739412e-11
6.978310e+01 2.827486e-11
8.058420e+01 2.132857e-11
9.305720e+01 1.604305e-11
1.074610e+02 1.187328e-11
1.240940e+02 8.978332e-12
1.433010e+02 6.770253e-12
1.654820e+02 5.088694e-12
1.910950e+02 3.760326e-12
2.206730e+02 2.839713e-12
2.548300e+02 2.138064e-12
2.942730e+02 1.604305e-12
3.398210e+02 1.182907e-12
3.924190e+02 8.915920e-13
4.531580e+02 6.698839e-13
5.232990e+02 5.014907e-13
6.042960e+02 3.686855e-13
6.978310e+02 2.771608e-13
8.058420e+02 2.076431e-13
9.305720e+02 1.549582e-13
1.074610e+03 1.134738e-13
1.240940e+03 8.500087e-14
1.433010e+03 6.343409e-14
1.654820e+03 4.713774e-14
1.910950e+03 3.433547e-14
2.206730e+03 2.559652e-14
2.548300e+03 1.900218e-14
2.942730e+03 1.403992e-14
3.398210e+03 1.015368e-14
3.924190e+03 7.520749e-15
4.531580e+03 5.544176e-15
5.232990e+03 4.065157e-15
6.042960e+03 2.911760e-15
6.978310e+03 2.138258e-15
8.058420e+03 1.561651e-15
9.305720e+03 1.133475e-15
1.074610e+04 8.014688e-16
1.240940e+04 5.818982e-16
1.433010e+04 4.197717e-16
1.654820e+04 3.006083e-16
1.910950e+04 2.089266e-16
2.206730e+04 1.494239e-16
2.548300e+04 1.060500e-16
2.942730e+04 7.461062e-17
3.398210e+04 5.067221e-17
3.924190e+04 3.552981e-17
4.531580e+04 2.468066e-17
5.232990e+04 1.696268e-17
6.042960e+04 1.116864e-17
6.978310e+04 7.628941e-18
8.058420e+04 5.151446e-18
9.305720e+04 3.433000e-18
1.074610e+05 2.167384e-18
1.240940e+05 1.430161e-18
1.433010e+05 9.302385e-19
1.654820e+05 5.951396e-19
1.910950e+05 3.547457e-19
2.206730e+05 2.235842e-19
2.548300e+05 1.383882e-19
2.942730e+05 8.387746e-20
3.398210e+05 4.616264e-20
3.924190e+05 2.737166e-20
4.531580e+05 1.586117e-20
5.232990e+05 8.948428e-21
6.042960e+05 4.401084e-21
6.978310e+05 2.405290e-21
8.058420e+05 1.276930e-21
9.305720e+05 6.551521e-22
1.074610e+06 2.741704e-22
1.240940e+06 1.343174e-22
1.433010e+06 6.345453e-23
1.654820e+06 2.870919e-23
1.910950e+06 9.466383e-24
2.206730e+06 3.994643e-24
2.548300e+06 1.612201e-24
2.942730e+06 6.173766e-25
3.398210e+06 1.406145e-25
3.924190e+06 4.791904e-26
4.531580e+06 1.548487e-26
5.232990e+06 4.755881e-27
6.042960e+06 5.948391e-28
6.978310e+06 1.455856e-28
8.058420e+06 3.297422e-29
9.305720e+06 7.252087e-30
1.074610e+07 3.768209e-31
1.240940e+07 5.377928e-32
1.433010e+07 6.485605e-33
1.654820e+07 7.581043e-34
1.910950e+07 1.206939e-35
2.206730e+07 7.020459e-37
2.548300e+07 2.792643e-38
2.942730e+07 8.732202e-40
3.398210e+07 2.533580e-42
3.924190e+07 3.299149e-44
4.531580e+07 1.986415e-46
5.232990e+07 5.336247e-49
6.042960e+07 9.688193e-53
6.978310e+07 5.618924e-56
8.058420e+07 7.350121e-60
9.305720e+07 0.000000e+00
