Ev [GeV]   dN_dEv [s^-1 GeV^-1]
3.398210e-02 4.645556e-09
3.924190e-02 4.473529e-09
4.531580e-02 4.243722e-09
5.232990e-02 3.977319e-09
6.042960e-02 3.649305e-09
6.978310e-02 3.267018e-09
8.058420e-02 2.837541e-09
9.305720e-02 2.375831e-09
1.074610e-01 1.905455e-09
1.240940e-01 1.505690e-09
1.433010e-01 1.169012e-09
1.654820e-01 8.941252e-10
1.910950e-01 6.663033e-10
2.206730e-01 5.016018e-10
2.548300e-01 3.744706e-10
2.942730e-01 2.773496e-10
3.398210e-01 2.024744e-10
3.924190e-01 1.505679e-10
4.531580e-01 1.117126e-10
5.232990e-01 8.271872e-11
6.042960e-01 6.079870e-11
6.978310e-01 4.553384e-11
8.058420e-01 3.407952e-11
9.305720e-01 2.547020e-11
1.074610e+00 1.883049e-11
1.240940e+00 1.419268e-11
1.433010e+00 1.067445e-11
1.654820e+00 8.008239e-12
1.910950e+00 5.931793e-12
2.206730e+00 4.480452e-12
2.548300e+00 3.375436e-12
2.942730e+00 2.535531e-12
3.398210e+00 1.880068e-12
3.924190e+00 1.419822e-12
4.531580e+00 1.068739e-12
5.232990e+00 8.015918e-13
6.042960e+00 5.938367e-13
6.978310e+00 4.478552e-13
8.058420e+00 3.369141e-13
9.305720e+00 2.528042e-13
1.074610e+01 1.875941e-13
1.240940e+01 1.417676e-13
1.433010e+01 1.068770e-13
1.654820e+01 8.034174e-14
1.910950e+01 5.957334e-14
2.206730e+01 4.501853e-14
2.548300e+01 3.391958e-14
2.942730e+01 2.547830e-14
3.398210e+01 1.885535e-14
3.924190e+01 1.424627e-14
4.531580e+01 1.073879e-14
5.232990e+01 8.073659e-15
6.042960e+01 5.978880e-15
6.978310e+01 4.523894e-15
8.058420e+01 3.415067e-15
9.305720e+01 2.570915e-15
1.074610e+02 1.904699e-15
1.240940e+02 1.441718e-15
1.433010e+02 1.088345e-15
1.654820e+02 8.190278e-16
1.910950e+02 6.061605e-16
2.206730e+02 4.584203e-16
2.548300e+02 3.457071e-16
2.942730e+02 2.598672e-16
3.398210e+02 1.920380e-16
3.924190e+02 1.450486e-16
4.531580e+02 1.092330e-16
5.232990e+02 8.198559e-17
6.042960e+02 6.046929e-17
6.978310e+02 4.559476e-17
8.058420e+02 3.427208e-17
9.305720e+02 2.567027e-17
1.074610e+03 1.888472e-17
1.240940e+03 1.420635e-17
1.433010e+03 1.065142e-17
1.654820e+03 7.955830e-18
1.910950e+03 5.832694e-18
2.206730e+03 4.373931e-18
2.548300e+03 3.268163e-18
2.942730e+03 2.431937e-18
3.398210e+03 1.774616e-18
3.924190e+03 1.325144e-18
4.531580e+03 9.855603e-19
5.232990e+03 7.296877e-19
6.042960e+03 5.291110e-19
6.978310e+03 3.928497e-19
8.058420e+03 2.903692e-19
9.305720e+03 2.135314e-19
1.074610e+04 1.535231e-19
1.240940e+04 1.131217e-19
1.433010e+04 8.292325e-20
1.654820e+04 6.043167e-20
1.910950e+04 4.295641e-20
2.206730e+04 3.133299e-20
2.548300e+04 2.271766e-20
2.942730e+04 1.635922e-20
3.398210e+04 1.145250e-20
3.924190e+04 8.242619e-21
4.531580e+04 5.890255e-21
5.232990e+04 4.175279e-21
6.042960e+04 2.863978e-21
6.978310e+04 2.025272e-21
8.058420e+04 1.419924e-21
9.305720e+04 9.858300e-22
1.074610e+05 6.580061e-22
1.240940e+05 4.546466e-22
1.433010e+05 3.108534e-22
1.654820e+05 2.100015e-22
1.910950e+05 1.351110e-22
2.206730e+05 9.054456e-23
2.548300e+05 5.989270e-23
2.942730e+05 3.903038e-23
3.398210e+05 2.388782e-23
3.924190e+05 1.537475e-23
4.531580e+05 9.735267e-24
5.232990e+05 6.049405e-24
6.042960e+05 3.456606e-24
6.978310e+05 2.108734e-24
8.058420e+05 1.260186e-24
9.305720e+05 7.352864e-25
1.074610e+06 3.817080e-25
1.240940e+06 2.168457e-25
1.433010e+06 1.200159e-25
1.654820e+06 6.442599e-26
1.910950e+06 2.918430e-26
2.206730e+06 1.507284e-26
2.548300e+06 7.533289e-27
2.942730e+06 3.621742e-27
3.398210e+06 1.345659e-27
3.924190e+06 6.111057e-28
4.531580e+06 2.664329e-28
5.232990e+06 1.106535e-28
6.042960e+06 3.047601e-29
6.978310e+06 1.156947e-29
8.058420e+06 4.182228e-30
9.305720e+06 1.431675e-30
1.074610e+07 2.439157e-31
1.240940e+07 7.085042e-32
1.433010e+07 1.935007e-32
1.654820e+07 5.072093e-33
1.910950e+07 4.071426e-34
2.206730e+07 7.704145e-35
2.548300e+07 1.302253e-35
2.942730e+07 2.156381e-36
3.398210e+07 6.195157e-38
3.924190e+07 5.771977e-39
4.531580e+07 4.117750e-40
5.232990e+07 2.664212e-41
6.042960e+07 1.822268e-43
6.978310e+07 5.037842e-45
8.058420e+07 6.032445e-47
9.305720e+07 0.000000e+00
