Ev [GeV]   dN_dEv [s^-1 GeV^-1]
3.398210e-02 1.169897e-05
3.924190e-02 1.125218e-05
4.531580e-02 1.065888e-05
5.232990e-02 9.970743e-06
6.042960e-02 9.117537e-06
6.978310e-02 8.134469e-06
8.058420e-02 7.033152e-06
9.305720e-02 5.854467e-06
1.074610e-01 4.645786e-06
1.240940e-01 3.647111e-06
1.433010e-01 2.814994e-06
1.654820e-01 2.141789e-06
1.910950e-01 1.584629e-06
2.206730e-01 1.190167e-06
2.548300e-01 8.874319e-07
2.942730e-01 6.569443e-07
3.398210e-01 4.794533e-07
3.924190e-01 3.565124e-07
4.531580e-01 2.644929e-07
5.232990e-01 1.958322e-07
6.042960e-01 1.439284e-07
6.978310e-01 1.077859e-07
8.058420e-01 8.066703e-08
9.305720e-01 6.028501e-08
1.074610e+00 4.456662e-08
1.240940e+00 3.358812e-08
1.433010e+00 2.526018e-08
1.654820e+00 1.894950e-08
1.910950e+00 1.403494e-08
2.206730e+00 1.060012e-08
2.548300e+00 7.985127e-09
2.942730e+00 5.997636e-09
3.398210e+00 4.446666e-09
3.924190e+00 3.357737e-09
4.531580e+00 2.527170e-09
5.232990e+00 1.895211e-09
6.042960e+00 1.403791e-09
6.978310e+00 1.058535e-09
8.058420e+00 7.961807e-10
9.305720e+00 5.973035e-10
1.074610e+01 4.431325e-10
1.240940e+01 3.348093e-10
1.433010e+01 2.523480e-10
1.654820e+01 1.896450e-10
1.910950e+01 1.405757e-10
2.206730e+01 1.061974e-10
2.548300e+01 7.998708e-11
2.942730e+01 6.005775e-11
3.398210e+01 4.442446e-11
3.924190e+01 3.354966e-11
4.531580e+01 2.527659e-11
5.232990e+01 1.899253e-11
6.042960e+01 1.405469e-11
6.978310e+01 1.062719e-11
8.058420e+01 8.016404e-12
9.305720e+01 6.029827e-12
1.074610e+02 4.462606e-12
1.240940e+02 3.374532e-12
1.433010e+02 2.544619e-12
1.654820e+02 1.912600e-12
1.910950e+02 1.413329e-12
2.206730e+02 1.067314e-12
2.548300e+02 8.035974e-13
2.942730e+02 6.029827e-13
3.398210e+02 4.445989e-13
3.924190e+02 3.351075e-13
4.531580e+02 2.517778e-13
5.232990e+02 1.884867e-13
6.042960e+02 1.385715e-13
6.978310e+02 1.041717e-13
8.058420e+02 7.804325e-14
9.305720e+02 5.824151e-14
1.074610e+03 4.264946e-14
1.240940e+03 3.194782e-14
1.433010e+03 2.384189e-14
1.654820e+03 1.771686e-14
1.910950e+03 1.290509e-14
2.206730e+03 9.620526e-15
2.548300e+03 7.142027e-15
2.942730e+03 5.276945e-15
3.398210e+03 3.816289e-15
3.924190e+03 2.826695e-15
4.531580e+03 2.083795e-15
5.232990e+03 1.527901e-15
6.042960e+03 1.094393e-15
6.978310e+03 8.036706e-16
8.058420e+03 5.869511e-16
9.305720e+03 4.260199e-16
1.074610e+04 3.012344e-16
1.240940e+04 2.187081e-16
1.433010e+04 1.577724e-16
1.654820e+04 1.129845e-16
1.910950e+04 7.852567e-17
2.206730e+04 5.616142e-17
2.548300e+04 3.985919e-17
2.942730e+04 2.804262e-17
3.398210e+04 1.904530e-17
3.924190e+04 1.335398e-17
4.531580e+04 9.276299e-18
5.232990e+04 6.375472e-18
6.042960e+04 4.197765e-18
6.978310e+04 2.867360e-18
8.058420e+04 1.936186e-18
9.305720e+04 1.290303e-18
1.074610e+05 8.146175e-19
1.240940e+05 5.375302e-19
1.433010e+05 3.496329e-19
1.654820e+05 2.236850e-19
1.910950e+05 1.333322e-19
2.206730e+05 8.403476e-20
2.548300e+05 5.201359e-20
2.942730e+05 3.152559e-20
3.398210e+05 1.735036e-20
3.924190e+05 1.028772e-20
4.531580e+05 5.961467e-21
5.232990e+05 3.363293e-21
6.042960e+05 1.654160e-21
6.978310e+05 9.040351e-22
8.058420e+05 4.799380e-22
9.305720e+05 2.462408e-22
1.074610e+06 1.030477e-22
1.240940e+06 5.048359e-23
1.433010e+06 2.384957e-23
1.654820e+06 1.079043e-23
1.910950e+06 3.557968e-24
2.206730e+06 1.501398e-24
2.548300e+06 6.059504e-25
2.942730e+06 2.320428e-25
3.398210e+06 5.285038e-26
3.924190e+06 1.801051e-26
4.531580e+06 5.820035e-27
5.232990e+06 1.787512e-27
6.042960e+06 2.235720e-28
6.978310e+06 5.471876e-29
8.058420e+06 1.239346e-29
9.305720e+06 2.725718e-30
1.074610e+07 1.416292e-31
1.240940e+07 2.021310e-32
1.433010e+07 2.437634e-33
1.654820e+07 2.849357e-34
1.910950e+07 4.536317e-36
2.206730e+07 2.638660e-37
2.548300e+07 1.049623e-38
2.942730e+07 3.282023e-40
3.398210e+07 9.522534e-43
3.924190e+07 1.239995e-44
4.531580e+07 7.465997e-47
5.232990e+07 2.005644e-49
6.042960e+07 3.641336e-53
6.978310e+07 2.111889e-56
8.058420e+07 2.762564e-60
9.305720e+07 0.000000e+00
