Ev [GeV]   dN_dEv [s^-1 GeV^-1]
3.398210e-02 1.585797e-06
3.924190e-02 1.525235e-06
4.531580e-02 1.444813e-06
5.232990e-02 1.351536e-06
6.042960e-02 1.235884e-06
6.978310e-02 1.102629e-06
8.058420e-02 9.533452e-07
9.305720e-02 7.935742e-07
1.074610e-01 6.297372e-07
1.240940e-01 4.943666e-07
1.433010e-01 3.815730e-07
1.654820e-01 2.903200e-07
1.910950e-01 2.147968e-07
2.206730e-01 1.613274e-07
2.548300e-01 1.202916e-07
2.942730e-01 8.904893e-08
3.398210e-01 6.498999e-08
3.924190e-01 4.832532e-08
4.531580e-01 3.585207e-08
5.232990e-01 2.654510e-08
6.042960e-01 1.950952e-08
6.978310e-01 1.461040e-08
8.058420e-01 1.093443e-08
9.305720e-01 8.171646e-09
1.074610e+00 6.041014e-09
1.240940e+00 4.552876e-09
1.433010e+00 3.424022e-09
1.654820e+00 2.568609e-09
1.910950e+00 1.902438e-09
2.206730e+00 1.436848e-09
2.548300e+00 1.082386e-09
2.942730e+00 8.129808e-10
3.398210e+00 6.027465e-10
3.924190e+00 4.551419e-10
4.531580e+00 3.425584e-10
5.232990e+00 2.568962e-10
6.042960e+00 1.902841e-10
6.978310e+00 1.434846e-10
8.058420e+00 1.079224e-10
9.305720e+00 8.096461e-11
1.074610e+01 6.006670e-11
1.240940e+01 4.538347e-11
1.433010e+01 3.420582e-11
1.654820e+01 2.570642e-11
1.910950e+01 1.905507e-11
2.206730e+01 1.439507e-11
2.548300e+01 1.084226e-11
2.942730e+01 8.140841e-12
3.398210e+01 6.021744e-12
3.924190e+01 4.547663e-12
4.531580e+01 3.426247e-12
5.232990e+01 2.574441e-12
6.042960e+01 1.905116e-12
6.978310e+01 1.440518e-12
8.058420e+01 1.086625e-12
9.305720e+01 8.173443e-13
1.074610e+02 6.049072e-13
1.240940e+02 4.574185e-13
1.433010e+02 3.449237e-13
1.654820e+02 2.592534e-13
1.910950e+02 1.915771e-13
2.206730e+02 1.446747e-13
2.548300e+02 1.089278e-13
2.942730e+02 8.173443e-14
3.398210e+02 6.026548e-14
3.924190e+02 4.542388e-14
4.531580e+02 3.412853e-14
5.232990e+02 2.554942e-14
6.042960e+02 1.878340e-14
6.978310e+02 1.412049e-14
8.058420e+02 1.057878e-14
9.305720e+02 7.894648e-15
1.074610e+03 5.781142e-15
1.240940e+03 4.330534e-15
1.433010e+03 3.231773e-15
1.654820e+03 2.401524e-15
1.910950e+03 1.749287e-15
2.206730e+03 1.304064e-15
2.548300e+03 9.681031e-16
2.942730e+03 7.152909e-16
3.398210e+03 5.172987e-16
3.924190e+03 3.831591e-16
4.531580e+03 2.824588e-16
5.232990e+03 2.071073e-16
6.042960e+03 1.483453e-16
6.978310e+03 1.089377e-16
8.058420e+03 7.956134e-17
9.305720e+03 5.774708e-17
1.074610e+04 4.083238e-17
1.240940e+04 2.964593e-17
1.433010e+04 2.138609e-17
1.654820e+04 1.531507e-17
1.910950e+04 1.064417e-17
2.206730e+04 7.612692e-18
2.548300e+04 5.402922e-18
2.942730e+04 3.801183e-18
3.398210e+04 2.581594e-18
3.924190e+04 1.810135e-18
4.531580e+04 1.257404e-18
5.232990e+04 8.641965e-19
6.042960e+04 5.690078e-19
6.978310e+04 3.886712e-19
8.058420e+04 2.624504e-19
9.305720e+04 1.749008e-19
1.074610e+05 1.104216e-19
1.240940e+05 7.286233e-20
1.433010e+05 4.739280e-20
1.654820e+05 3.032054e-20
1.910950e+05 1.807321e-20
2.206730e+05 1.139093e-20
2.548300e+05 7.050453e-21
2.942730e+05 4.273300e-21
3.398210e+05 2.351845e-21
3.924190e+05 1.394502e-21
4.531580e+05 8.080780e-22
5.232990e+05 4.558950e-22
6.042960e+05 2.242218e-22
6.978310e+05 1.225421e-22
8.058420e+05 6.505569e-23
9.305720e+05 3.337799e-23
1.074610e+06 1.396814e-23
1.240940e+06 6.843061e-24
1.433010e+06 3.232814e-24
1.654820e+06 1.462645e-24
1.910950e+06 4.822832e-25
2.206730e+06 2.035148e-25
2.548300e+06 8.213669e-26
2.942730e+06 3.145345e-26
3.398210e+06 7.163880e-27
3.924190e+06 2.441329e-27
4.531580e+06 7.889070e-28
5.232990e+06 2.422976e-28
6.042960e+06 3.030523e-29
6.978310e+06 7.417139e-30
8.058420e+06 1.679935e-30
9.305720e+06 3.694716e-31
1.074610e+07 1.919787e-32
1.240940e+07 2.739890e-33
1.433010e+07 3.304217e-34
1.654820e+07 3.862309e-35
1.910950e+07 6.148987e-37
2.206730e+07 3.576709e-38
2.548300e+07 1.422766e-39
2.942730e+07 4.448789e-41
3.398210e+07 1.290781e-43
3.924190e+07 1.680816e-45
4.531580e+07 1.012017e-47
5.232990e+07 2.718655e-50
6.042960e+07 4.935838e-54
6.978310e+07 2.862670e-57
8.058420e+07 3.744661e-61
9.305720e+07 0.000000e+00
