Ev [GeV]   dN_dEv [s^-1 GeV^-1]
3.398210e-02 9.499739e-06
3.924190e-02 9.136938e-06
4.531580e-02 8.655171e-06
5.232990e-02 8.096395e-06
6.042960e-02 7.403579e-06
6.978310e-02 6.605313e-06
8.058420e-02 5.711027e-06
9.305720e-02 4.753917e-06
1.074610e-01 3.772449e-06
1.240940e-01 2.961510e-06
1.433010e-01 2.285818e-06
1.654820e-01 1.739166e-06
1.910950e-01 1.286743e-06
2.206730e-01 9.664338e-07
2.548300e-01 7.206083e-07
2.942730e-01 5.334488e-07
3.398210e-01 3.893234e-07
3.924190e-01 2.894935e-07
4.531580e-01 2.147723e-07
5.232990e-01 1.590187e-07
6.042960e-01 1.168720e-07
6.978310e-01 8.752378e-08
8.058420e-01 6.550285e-08
9.305720e-01 4.895235e-08
1.074610e+00 3.618877e-08
1.240940e+00 2.727406e-08
1.433010e+00 2.051165e-08
1.654820e+00 1.538728e-08
1.910950e+00 1.139658e-08
2.206730e+00 8.607458e-09
2.548300e+00 6.484045e-09
2.942730e+00 4.870172e-09
3.398210e+00 3.610761e-09
3.924190e+00 2.726534e-09
4.531580e+00 2.052101e-09
5.232990e+00 1.538940e-09
6.042960e+00 1.139900e-09
6.978310e+00 8.595465e-10
8.058420e+00 6.465108e-10
9.305720e+00 4.850196e-10
1.074610e+01 3.598303e-10
1.240940e+01 2.718703e-10
1.433010e+01 2.049104e-10
1.654820e+01 1.539946e-10
1.910950e+01 1.141496e-10
2.206730e+01 8.623387e-11
2.548300e+01 6.495072e-11
2.942730e+01 4.876781e-11
3.398210e+01 3.607334e-11
3.924190e+01 2.724283e-11
4.531580e+01 2.052498e-11
5.232990e+01 1.542222e-11
6.042960e+01 1.141262e-11
6.978310e+01 8.629439e-12
8.058420e+01 6.509442e-12
9.305720e+01 4.896312e-12
1.074610e+02 3.623704e-12
1.240940e+02 2.740172e-12
1.433010e+02 2.066270e-12
1.654820e+02 1.553061e-12
1.910950e+02 1.147645e-12
2.206730e+02 8.666755e-13
2.548300e+02 6.525334e-13
2.942730e+02 4.896312e-13
3.398210e+02 3.610211e-13
3.924190e+02 2.721124e-13
4.531580e+02 2.044474e-13
5.232990e+02 1.530541e-13
6.042960e+02 1.125222e-13
6.978310e+02 8.458899e-14
8.058420e+02 6.337231e-14
9.305720e+02 4.729299e-14
1.074610e+03 3.463201e-14
1.240940e+03 2.594212e-14
1.433010e+03 1.935998e-14
1.654820e+03 1.438636e-14
1.910950e+03 1.047913e-14
2.206730e+03 7.812014e-15
2.548300e+03 5.799434e-15
2.942730e+03 4.284960e-15
3.398210e+03 3.098885e-15
3.924190e+03 2.295320e-15
4.531580e+03 1.692073e-15
5.232990e+03 1.240679e-15
6.042960e+03 8.886642e-16
6.978310e+03 6.525928e-16
8.058420e+03 4.766132e-16
9.305720e+03 3.459347e-16
1.074610e+04 2.446069e-16
1.240940e+04 1.775943e-16
1.433010e+04 1.281136e-16
1.654820e+04 9.174514e-17
1.910950e+04 6.376404e-17
2.206730e+04 4.560393e-17
2.548300e+04 3.236627e-17
2.942730e+04 2.277104e-17
3.398210e+04 1.546507e-17
3.924190e+04 1.084364e-17
4.531580e+04 7.532496e-18
5.232990e+04 5.176980e-18
6.042960e+04 3.408649e-18
6.978310e+04 2.328340e-18
8.058420e+04 1.572213e-18
9.305720e+04 1.047746e-18
1.074610e+05 6.614818e-19
1.240940e+05 4.364827e-19
1.433010e+05 2.839072e-19
1.654820e+05 1.816356e-19
1.910950e+05 1.082678e-19
2.206730e+05 6.823751e-20
2.548300e+05 4.223583e-20
2.942730e+05 2.559926e-20
3.398210e+05 1.408876e-20
3.924190e+05 8.353783e-21
4.531580e+05 4.840802e-21
5.232990e+05 2.731045e-21
6.042960e+05 1.343203e-21
6.978310e+05 7.340903e-22
8.058420e+05 3.897170e-22
9.305720e+05 1.999513e-22
1.074610e+06 8.367633e-23
1.240940e+06 4.099345e-23
1.433010e+06 1.936621e-23
1.654820e+06 8.761995e-24
1.910950e+06 2.889124e-24
2.206730e+06 1.219158e-24
2.548300e+06 4.920409e-25
2.942730e+06 1.884223e-25
3.398210e+06 4.291532e-26
3.924190e+06 1.462481e-26
4.531580e+06 4.725957e-27
5.232990e+06 1.451487e-27
6.042960e+06 1.815439e-28
6.978310e+06 4.443247e-29
8.058420e+06 1.006368e-29
9.305720e+06 2.213325e-30
1.074610e+07 1.150051e-31
1.240940e+07 1.641335e-32
1.433010e+07 1.979396e-33
1.654820e+07 2.313722e-34
1.910950e+07 3.683559e-36
2.206730e+07 2.142632e-37
2.548300e+07 8.523098e-39
2.942730e+07 2.665053e-40
3.398210e+07 7.732443e-43
3.924190e+07 1.006895e-44
4.531580e+07 6.062503e-47
5.232990e+07 1.628614e-49
6.042960e+07 2.956820e-53
6.978310e+07 1.714886e-56
8.058420e+07 2.243244e-60
9.305720e+07 0.000000e+00
