Ev [GeV]   dN_dEv [s^-1 GeV^-1]
3.398210e-02 5.220644e-07
3.924190e-02 5.021264e-07
4.531580e-02 4.756506e-07
5.232990e-02 4.449427e-07
6.042960e-02 4.068686e-07
6.978310e-02 3.629993e-07
8.058420e-02 3.138532e-07
9.305720e-02 2.612546e-07
1.074610e-01 2.073174e-07
1.240940e-01 1.627517e-07
1.433010e-01 1.256186e-07
1.654820e-01 9.557699e-08
1.910950e-01 7.071380e-08
2.206730e-01 5.311100e-08
2.548300e-01 3.960150e-08
2.942730e-01 2.931603e-08
3.398210e-01 2.139552e-08
3.924190e-01 1.590930e-08
4.531580e-01 1.180295e-08
5.232990e-01 8.738979e-09
6.042960e-01 6.422779e-09
6.978310e-01 4.809927e-09
8.058420e-01 3.599752e-09
9.305720e-01 2.690209e-09
1.074610e+00 1.988778e-09
1.240940e+00 1.498864e-09
1.433010e+00 1.127231e-09
1.654820e+00 8.456183e-10
1.910950e+00 6.263067e-10
2.206730e+00 4.730285e-10
2.548300e+00 3.563349e-10
2.942730e+00 2.676435e-10
3.398210e+00 1.984317e-10
3.924190e+00 1.498384e-10
4.531580e+00 1.127745e-10
5.232990e+00 8.457346e-11
6.042960e+00 6.264393e-11
6.978310e+00 4.723694e-11
8.058420e+00 3.552943e-11
9.305720e+00 2.665457e-11
1.074610e+01 1.977471e-11
1.240940e+01 1.494081e-11
1.433010e+01 1.126099e-11
1.654820e+01 8.462876e-12
1.910950e+01 6.273167e-12
2.206730e+01 4.739039e-12
2.548300e+01 3.569410e-12
2.942730e+01 2.680067e-12
3.398210e+01 1.982434e-12
3.924190e+01 1.497148e-12
4.531580e+01 1.127964e-12
5.232990e+01 8.475384e-13
6.042960e+01 6.271882e-13
6.978310e+01 4.742365e-13
8.058420e+01 3.577307e-13
9.305720e+01 2.690800e-13
1.074610e+02 1.991431e-13
1.240940e+02 1.505879e-13
1.433010e+02 1.135532e-13
1.654820e+02 8.534947e-14
1.910950e+02 6.306958e-14
2.206730e+02 4.762872e-14
2.548300e+02 3.586040e-14
2.942730e+02 2.690800e-14
3.398210e+02 1.984015e-14
3.924190e+02 1.495411e-14
4.531580e+02 1.123554e-14
5.232990e+02 8.411189e-15
6.042960e+02 6.183731e-15
6.978310e+02 4.648644e-15
8.058420e+02 3.482667e-15
9.305720e+02 2.599017e-15
1.074610e+03 1.903225e-15
1.240940e+03 1.425666e-15
1.433010e+03 1.063940e-15
1.654820e+03 7.906118e-16
1.910950e+03 5.758873e-16
2.206730e+03 4.293143e-16
2.548300e+03 3.187117e-16
2.942730e+03 2.354828e-16
3.398210e+03 1.703012e-16
3.924190e+03 1.261408e-16
4.531580e+03 9.298899e-17
5.232990e+03 6.818233e-17
6.042960e+03 4.883712e-17
6.978310e+03 3.586367e-17
8.058420e+03 2.619259e-17
9.305720e+03 1.901107e-17
1.074610e+04 1.344253e-17
1.240940e+04 9.759813e-18
1.433010e+04 7.040568e-18
1.654820e+04 5.041914e-18
1.910950e+04 3.504195e-18
2.206730e+04 2.506194e-18
2.548300e+04 1.778710e-18
2.942730e+04 1.251397e-18
3.398210e+04 8.498932e-19
3.924190e+04 5.959192e-19
4.531580e+04 4.139533e-19
5.232990e+04 2.845044e-19
6.042960e+04 1.873245e-19
6.978310e+04 1.279554e-19
8.058420e+04 8.640197e-20
9.305720e+04 5.757955e-20
1.074610e+05 3.635217e-20
1.240940e+05 2.398719e-20
1.433010e+05 1.560231e-20
1.654820e+05 9.981904e-21
1.910950e+05 5.949928e-21
2.206730e+05 3.750037e-21
2.548300e+05 2.321098e-21
2.942730e+05 1.406824e-21
3.398210e+05 7.742570e-22
3.924190e+05 4.590876e-22
4.531580e+05 2.660294e-22
5.232990e+05 1.500864e-22
6.042960e+05 7.381662e-23
6.978310e+05 4.034241e-23
8.058420e+05 2.141715e-23
9.305720e+05 1.098845e-23
1.074610e+06 4.598488e-24
1.240940e+06 2.252822e-24
1.433010e+06 1.064283e-24
1.654820e+06 4.815212e-25
1.910950e+06 1.587737e-25
2.206730e+06 6.699964e-26
2.548300e+06 2.704043e-26
2.942730e+06 1.035487e-26
3.398210e+06 2.358439e-27
3.924190e+06 8.037161e-28
4.531580e+06 2.597181e-28
5.232990e+06 7.976741e-29
6.042960e+06 9.976864e-30
6.978310e+06 2.441815e-30
8.058420e+06 5.530559e-31
9.305720e+06 1.216347e-31
1.074610e+07 6.320181e-33
1.240940e+07 9.020062e-34
1.433010e+07 1.087790e-34
1.654820e+07 1.271521e-35
1.910950e+07 2.024324e-37
2.206730e+07 1.177498e-38
2.548300e+07 4.683924e-40
2.942730e+07 1.464597e-41
3.398210e+07 4.249415e-44
3.924190e+07 5.533456e-46
4.531580e+07 3.331689e-48
5.232990e+07 8.950153e-51
6.042960e+07 1.624940e-54
6.978310e+07 9.424269e-58
8.058420e+07 1.232790e-61
9.305720e+07 0.000000e+00
