Ev [GeV]   dN_dEv [s^-1 GeV^-1]
3.398210e-02 2.398274e-07
3.924190e-02 2.306682e-07
4.531580e-02 2.185057e-07
5.232990e-02 2.043990e-07
6.042960e-02 1.869084e-07
6.978310e-02 1.667556e-07
8.058420e-02 1.441788e-07
9.305720e-02 1.200159e-07
1.074610e-01 9.523803e-08
1.240940e-01 7.476532e-08
1.433010e-01 5.770703e-08
1.654820e-01 4.390642e-08
1.910950e-01 3.248470e-08
2.206730e-01 2.439828e-08
2.548300e-01 1.819224e-08
2.942730e-01 1.346728e-08
3.398210e-01 9.828733e-09
3.924190e-01 7.308459e-09
4.531580e-01 5.422072e-09
5.232990e-01 4.014536e-09
6.042960e-01 2.950514e-09
6.978310e-01 2.209597e-09
8.058420e-01 1.653664e-09
9.305720e-01 1.235835e-09
1.074610e+00 9.136102e-10
1.240940e+00 6.885522e-10
1.433010e+00 5.178305e-10
1.654820e+00 3.884624e-10
1.910950e+00 2.877145e-10
2.206730e+00 2.173011e-10
2.548300e+00 1.636941e-10
2.942730e+00 1.229508e-10
3.398210e+00 9.115610e-11
3.924190e+00 6.883319e-11
4.531580e+00 5.180668e-11
5.232990e+00 3.885159e-11
6.042960e+00 2.877754e-11
6.978310e+00 2.169983e-11
8.058420e+00 1.632160e-11
9.305720e+00 1.224465e-11
1.074610e+01 9.084161e-12
1.240940e+01 6.863550e-12
1.433010e+01 5.173103e-12
1.654820e+01 3.887699e-12
1.910950e+01 2.881785e-12
2.206730e+01 2.177033e-12
2.548300e+01 1.639725e-12
2.942730e+01 1.231176e-12
3.398210e+01 9.106958e-13
3.924190e+01 6.877639e-13
4.531580e+01 5.181671e-13
5.232990e+01 3.893445e-13
6.042960e+01 2.881194e-13
6.978310e+01 2.178561e-13
8.058420e+01 1.643353e-13
9.305720e+01 1.236107e-13
1.074610e+02 9.148288e-14
1.240940e+02 6.917749e-14
1.433010e+02 5.216438e-14
1.654820e+02 3.920807e-14
1.910950e+02 2.897308e-14
2.206730e+02 2.187981e-14
2.548300e+02 1.647365e-14
2.942730e+02 1.236107e-14
3.398210e+02 9.114223e-15
3.924190e+02 6.869662e-15
4.531580e+02 5.161414e-15
5.232990e+02 3.863955e-15
6.042960e+02 2.840699e-15
6.978310e+02 2.135507e-15
8.058420e+02 1.599877e-15
9.305720e+02 1.193944e-15
1.074610e+03 8.743085e-16
1.240940e+03 6.549264e-16
1.433010e+03 4.887558e-16
1.654820e+03 3.631934e-16
1.910950e+03 2.645527e-16
2.206730e+03 1.972196e-16
2.548300e+03 1.464107e-16
2.942730e+03 1.081767e-16
3.398210e+03 7.823345e-17
3.924190e+03 5.794690e-17
4.531580e+03 4.271754e-17
5.232990e+03 3.132178e-17
6.042960e+03 2.243493e-17
6.978310e+03 1.647515e-17
8.058420e+03 1.203243e-17
9.305720e+03 8.733355e-18
1.074610e+04 6.175268e-18
1.240940e+04 4.483490e-18
1.433010e+04 3.234315e-18
1.654820e+04 2.316168e-18
1.910950e+04 1.609766e-18
2.206730e+04 1.151302e-18
2.548300e+04 8.171085e-19
2.942730e+04 5.748702e-19
3.398210e+04 3.904262e-19
3.924190e+04 2.737550e-19
4.531580e+04 1.901630e-19
5.232990e+04 1.306964e-19
6.042960e+04 8.605365e-20
6.978310e+04 5.878052e-20
8.058420e+04 3.969157e-20
9.305720e+04 2.645105e-20
1.074610e+05 1.669956e-20
1.240940e+05 1.101930e-20
1.433010e+05 7.167430e-21
1.654820e+05 4.585514e-21
1.910950e+05 2.733294e-21
2.206730e+05 1.722702e-21
2.548300e+05 1.066272e-21
2.942730e+05 6.462706e-22
3.398210e+05 3.556803e-22
3.924190e+05 2.108969e-22
4.531580e+05 1.222093e-22
5.232990e+05 6.894708e-23
6.042960e+05 3.391008e-23
6.978310e+05 1.853261e-23
8.058420e+05 9.838670e-24
9.305720e+05 5.047906e-24
1.074610e+06 2.112466e-24
1.240940e+06 1.034907e-24
1.433010e+06 4.889132e-25
1.654820e+06 2.212025e-25
1.910950e+06 7.293789e-26
2.206730e+06 3.077848e-26
2.548300e+06 1.242191e-26
2.942730e+06 4.756849e-27
3.398210e+06 1.083426e-27
3.924190e+06 3.692133e-28
4.531580e+06 1.193100e-28
5.232990e+06 3.664377e-29
6.042960e+06 4.583199e-30
6.978310e+06 1.121728e-30
8.058420e+06 2.540643e-31
9.305720e+06 5.587688e-32
1.074610e+07 2.903382e-33
1.240940e+07 4.143660e-34
1.433010e+07 4.997119e-35
1.654820e+07 5.841147e-36
1.910950e+07 9.299394e-38
2.206730e+07 5.409220e-39
2.548300e+07 2.151714e-40
2.942730e+07 6.728107e-42
3.398210e+07 1.952108e-44
3.924190e+07 2.541974e-46
4.531580e+07 1.530520e-48
5.232990e+07 4.111546e-51
6.042960e+07 7.464693e-55
6.978310e+07 4.329346e-58
8.058420e+07 5.663223e-62
9.305720e+07 0.000000e+00
