Ev [GeV]   dN_dEv [s^-1 GeV^-1]
3.398210e-02 3.846363e-07
3.924190e-02 3.709408e-07
4.531580e-02 3.526495e-07
5.232990e-02 3.314936e-07
6.042960e-02 3.053964e-07
6.978310e-02 2.748204e-07
8.058420e-02 2.403032e-07
9.305720e-02 2.030312e-07
1.074610e-01 1.651939e-07
1.240940e-01 1.323115e-07
1.433010e-01 1.042771e-07
1.654820e-01 8.101125e-08
1.910950e-01 6.159777e-08
2.206730e-01 4.701237e-08
2.548300e-01 3.553764e-08
2.942730e-01 2.662081e-08
3.398210e-01 1.967266e-08
3.924190e-01 1.473789e-08
4.531580e-01 1.100605e-08
5.232990e-01 8.197498e-09
6.042960e-01 6.061106e-09
6.978310e-01 4.560355e-09
8.058420e-01 3.428619e-09
9.305720e-01 2.574051e-09
1.074610e+00 1.912576e-09
1.240940e+00 1.447858e-09
1.433010e+00 1.093909e-09
1.654820e+00 8.245893e-10
1.910950e+00 6.141547e-10
2.206730e+00 4.661546e-10
2.548300e+00 3.529810e-10
2.942730e+00 2.665716e-10
3.398210e+00 1.988950e-10
3.924190e+00 1.510374e-10
4.531580e+00 1.143535e-10
5.232990e+00 8.629782e-11
6.042960e+00 6.438658e-11
6.978310e+00 4.886699e-11
8.058420e+00 3.700495e-11
9.305720e+00 2.795777e-11
1.074610e+01 2.090684e-11
1.240940e+01 1.590745e-11
1.433010e+01 1.207681e-11
1.654820e+01 9.144539e-12
1.910950e+01 6.837573e-12
2.206730e+01 5.204853e-12
2.548300e+01 3.951342e-12
2.942730e+01 2.991266e-12
3.398210e+01 2.233878e-12
3.924190e+01 1.700891e-12
4.531580e+01 1.292262e-12
5.232990e+01 9.793925e-13
6.042960e+01 7.320620e-13
6.978310e+01 5.582127e-13
8.058420e+01 4.247005e-13
9.305720e+01 3.222657e-13
1.074610e+02 2.409703e-13
1.240940e+02 1.837846e-13
1.433010e+02 1.398028e-13
1.654820e+02 1.060227e-13
1.910950e+02 7.917809e-14
2.206730e+02 6.031860e-14
2.548300e+02 4.582109e-14
2.942730e+02 3.469619e-14
3.398210e+02 2.585903e-14
3.924190e+02 1.966375e-14
4.531580e+02 1.490724e-14
5.232990e+02 1.126248e-14
6.042960e+02 8.370077e-15
6.978310e+02 6.348107e-15
8.058420e+02 4.798710e-15
9.305720e+02 3.613941e-15
1.074610e+03 2.675200e-15
1.240940e+03 2.021594e-15
1.433010e+03 1.522115e-15
1.654820e+03 1.141322e-15
1.910950e+03 8.403056e-16
2.206730e+03 6.318666e-16
2.548300e+03 4.731946e-16
2.942730e+03 3.527359e-16
3.398210e+03 2.578118e-16
3.924190e+03 1.925835e-16
4.531580e+03 1.431898e-16
5.232990e+03 1.059061e-16
6.042960e+03 7.665318e-17
6.978310e+03 5.675923e-17
8.058420e+03 4.180241e-17
9.305720e+03 3.060022e-17
1.074610e+04 2.186166e-17
1.240940e+04 1.600229e-17
1.433010e+04 1.163925e-17
1.654820e+04 8.405256e-18
1.910950e+04 5.902259e-18
2.206730e+04 4.255445e-18
2.548300e+04 3.044953e-18
2.942730e+04 2.160179e-18
3.398210e+04 1.482479e-18
3.924190e+04 1.047881e-18
4.531580e+04 7.339045e-19
5.232990e+04 5.086602e-19
6.042960e+04 3.385418e-19
6.978310e+04 2.331532e-19
8.058420e+04 1.587639e-19
9.305720e+04 1.067203e-19
1.074610e+05 6.815124e-20
1.240940e+05 4.535580e-20
1.433010e+05 2.976128e-20
1.654820e+05 1.921406e-20
1.910950e+05 1.159741e-20
2.206730e+05 7.376410e-21
2.548300e+05 4.608750e-21
2.942730e+05 2.820845e-21
3.398210e+05 1.574785e-21
3.924190e+05 9.431317e-22
4.531580e+05 5.522019e-22
5.232990e+05 3.149208e-22
6.042960e+05 1.575314e-22
6.978310e+05 8.707116e-23
8.058420e+05 4.676768e-23
9.305720e+05 2.429019e-23
1.074610e+06 1.038152e-23
1.240940e+06 5.153352e-24
1.433010e+06 2.467888e-24
1.654820e+06 1.132531e-24
1.910950e+06 3.839678e-25
2.206730e+06 1.646675e-25
2.548300e+06 6.756576e-26
2.942730e+06 2.631178e-26
3.398210e+06 6.236443e-27
3.924190e+06 2.171738e-27
4.531580e+06 7.174849e-28
5.232990e+06 2.249727e-28
6.042960e+06 2.981796e-29
6.978310e+06 7.533001e-30
8.058420e+06 1.766332e-30
9.305720e+06 4.012508e-31
1.074610e+07 2.244254e-32
1.240940e+07 3.363804e-33
1.433010e+07 4.301960e-34
1.654820e+07 5.348590e-35
1.910950e+07 9.375471e-37
2.206730e+07 5.894585e-38
2.548300e+07 2.578243e-39
2.942730e+07 9.093400e-41
3.398210e+07 3.021682e-43
3.924190e+07 4.478439e-45
4.531580e+07 3.190362e-47
5.232990e+07 1.057975e-49
6.042960e+07 2.446956e-53
6.978310e+07 1.880796e-56
8.058420e+07 3.416558e-60
9.305720e+07 0.000000e+00
