Ev [GeV]   dN_dEv [s^-1 GeV^-1]
3.398210e-02 4.856504e-06
3.924190e-02 4.671031e-06
4.531580e-02 4.424740e-06
5.232990e-02 4.139080e-06
6.042960e-02 3.784895e-06
6.978310e-02 3.376801e-06
8.058420e-02 2.919620e-06
9.305720e-02 2.430321e-06
1.074610e-01 1.928570e-06
1.240940e-01 1.513998e-06
1.433010e-01 1.168567e-06
1.654820e-01 8.891050e-07
1.910950e-01 6.578151e-07
2.206730e-01 4.940651e-07
2.548300e-01 3.683930e-07
2.942730e-01 2.727123e-07
3.398210e-01 1.990319e-07
3.924190e-01 1.479963e-07
4.531580e-01 1.097969e-07
5.232990e-01 8.129435e-08
6.042960e-01 5.974790e-08
6.978310e-01 4.474434e-08
8.058420e-01 3.348670e-08
9.305720e-01 2.502566e-08
1.074610e+00 1.850061e-08
1.240940e+00 1.394318e-08
1.433010e+00 1.048607e-08
1.654820e+00 7.866364e-09
1.910950e+00 5.826218e-09
2.206730e+00 4.400348e-09
2.548300e+00 3.314806e-09
2.942730e+00 2.489754e-09
3.398210e+00 1.845911e-09
3.924190e+00 1.393872e-09
4.531580e+00 1.049085e-09
5.232990e+00 7.867446e-10
6.042960e+00 5.827452e-10
6.978310e+00 4.394217e-10
8.058420e+00 3.305125e-10
9.305720e+00 2.479541e-10
1.074610e+01 1.839543e-10
1.240940e+01 1.389869e-10
1.433010e+01 1.047553e-10
1.654820e+01 7.872590e-11
1.910950e+01 5.835614e-11
2.206730e+01 4.408491e-11
2.548300e+01 3.320443e-11
2.942730e+01 2.493132e-11
3.398210e+01 1.844159e-11
3.924190e+01 1.392722e-11
4.531580e+01 1.049288e-11
5.232990e+01 7.884226e-12
6.042960e+01 5.834418e-12
6.978310e+01 4.411585e-12
8.058420e+01 3.327789e-12
9.305720e+01 2.503117e-12
1.074610e+02 1.852528e-12
1.240940e+02 1.400844e-12
1.433010e+02 1.056329e-12
1.654820e+02 7.939635e-13
1.910950e+02 5.867048e-13
2.206730e+02 4.430662e-13
2.548300e+02 3.335914e-13
2.942730e+02 2.503117e-13
3.398210e+02 1.845630e-13
3.924190e+02 1.391106e-13
4.531580e+02 1.045186e-13
5.232990e+02 7.824509e-14
6.042960e+02 5.752416e-14
6.978310e+02 4.324401e-14
8.058420e+02 3.239751e-14
9.305720e+02 2.417736e-14
1.074610e+03 1.770475e-14
1.240940e+03 1.326226e-14
1.433010e+03 9.897304e-15
1.654820e+03 7.354667e-15
1.910950e+03 5.357192e-15
2.206730e+03 3.993697e-15
2.548300e+03 2.964816e-15
2.942730e+03 2.190578e-15
3.398210e+03 1.584227e-15
3.924190e+03 1.173425e-15
4.531580e+03 8.650301e-16
5.232990e+03 6.342661e-16
6.042960e+03 4.543073e-16
6.978310e+03 3.336217e-16
8.058420e+03 2.436566e-16
9.305720e+03 1.768504e-16
1.074610e+04 1.250492e-16
1.240940e+04 9.079066e-17
1.433010e+04 6.549489e-17
1.654820e+04 4.690241e-17
1.910950e+04 3.259777e-17
2.206730e+04 2.331387e-17
2.548300e+04 1.654645e-17
2.942730e+04 1.164112e-17
3.398210e+04 7.906131e-18
3.924190e+04 5.543538e-18
4.531580e+04 3.850800e-18
5.232990e+04 2.646602e-18
6.042960e+04 1.742586e-18
6.978310e+04 1.190305e-18
8.058420e+04 8.037544e-19
9.305720e+04 5.356338e-19
1.074610e+05 3.381660e-19
1.240940e+05 2.231409e-19
1.433010e+05 1.451405e-19
1.654820e+05 9.285666e-20
1.910950e+05 5.534920e-20
2.206730e+05 3.488472e-20
2.548300e+05 2.159201e-20
2.942730e+05 1.308698e-20
3.398210e+05 7.202526e-21
3.924190e+05 4.270663e-21
4.531580e+05 2.474739e-21
5.232990e+05 1.396178e-21
6.042960e+05 6.866791e-22
6.978310e+05 3.752853e-22
8.058420e+05 1.992331e-22
9.305720e+05 1.022201e-22
1.074610e+06 4.277743e-23
1.240940e+06 2.095688e-23
1.433010e+06 9.900493e-24
1.654820e+06 4.479351e-24
1.910950e+06 1.476992e-24
2.206730e+06 6.232641e-25
2.548300e+06 2.515436e-25
2.942730e+06 9.632619e-26
3.398210e+06 2.193938e-26
3.924190e+06 7.476569e-27
4.531580e+06 2.416028e-27
5.232990e+06 7.420363e-28
6.042960e+06 9.280978e-29
6.978310e+06 2.271499e-29
8.058420e+06 5.144802e-30
9.305720e+06 1.131507e-30
1.074610e+07 5.879348e-32
1.240940e+07 8.390912e-33
1.433010e+07 1.011917e-33
1.654820e+07 1.182832e-34
1.910950e+07 1.883127e-36
2.206730e+07 1.095367e-37
2.548300e+07 4.357221e-39
2.942730e+07 1.362442e-40
3.398210e+07 3.953018e-43
3.924190e+07 5.147498e-45
4.531580e+07 3.099303e-47
5.232990e+07 8.325880e-50
6.042960e+07 1.511600e-53
6.978310e+07 8.766927e-57
8.058420e+07 1.146803e-60
9.305720e+07 0.000000e+00
