Ev [GeV]   dN_dEv [s^-1 GeV^-1]
3.398210e-02 5.053594e-07
3.924190e-02 4.860594e-07
4.531580e-02 4.604308e-07
5.232990e-02 4.307055e-07
6.042960e-02 3.938496e-07
6.978310e-02 3.513841e-07
8.058420e-02 3.038106e-07
9.305720e-02 2.528950e-07
1.074610e-01 2.006837e-07
1.240940e-01 1.575440e-07
1.433010e-01 1.215991e-07
1.654820e-01 9.251873e-08
1.910950e-01 6.845111e-08
2.206730e-01 5.141156e-08
2.548300e-01 3.833433e-08
2.942730e-01 2.837797e-08
3.398210e-01 2.071091e-08
3.924190e-01 1.540024e-08
4.531580e-01 1.142528e-08
5.232990e-01 8.459350e-09
6.042960e-01 6.217263e-09
6.978310e-01 4.656019e-09
8.058420e-01 3.484568e-09
9.305720e-01 2.604127e-09
1.074610e+00 1.925141e-09
1.240940e+00 1.450903e-09
1.433010e+00 1.091162e-09
1.654820e+00 8.185603e-10
1.910950e+00 6.062662e-10
2.206730e+00 4.578926e-10
2.548300e+00 3.449330e-10
2.942730e+00 2.590795e-10
3.398210e+00 1.920823e-10
3.924190e+00 1.450439e-10
4.531580e+00 1.091660e-10
5.232990e+00 8.186728e-11
6.042960e+00 6.063946e-11
6.978310e+00 4.572546e-11
8.058420e+00 3.439256e-11
9.305720e+00 2.580168e-11
1.074610e+01 1.914196e-11
1.240940e+01 1.446273e-11
1.433010e+01 1.090066e-11
1.654820e+01 8.192081e-12
1.910950e+01 6.072439e-12
2.206730e+01 4.587400e-12
2.548300e+01 3.455196e-12
2.942730e+01 2.594311e-12
3.398210e+01 1.919000e-12
3.924190e+01 1.449242e-12
4.531580e+01 1.091871e-12
5.232990e+01 8.204190e-13
6.042960e+01 6.071195e-13
6.978310e+01 4.590619e-13
8.058420e+01 3.462840e-13
9.305720e+01 2.604700e-13
1.074610e+02 1.927709e-13
1.240940e+02 1.457694e-13
1.433010e+02 1.099197e-13
1.654820e+02 8.261847e-14
1.910950e+02 6.105149e-14
2.206730e+02 4.610470e-14
2.548300e+02 3.471294e-14
2.942730e+02 2.604700e-14
3.398210e+02 1.920531e-14
3.924190e+02 1.447561e-14
4.531580e+02 1.087603e-14
5.232990e+02 8.142049e-15
6.042960e+02 5.985865e-15
6.978310e+02 4.499897e-15
8.058420e+02 3.371229e-15
9.305720e+02 2.515854e-15
1.074610e+03 1.842325e-15
1.240940e+03 1.380048e-15
1.433010e+03 1.029896e-15
1.654820e+03 7.653139e-16
1.910950e+03 5.574601e-16
2.206730e+03 4.155772e-16
2.548300e+03 3.085136e-16
2.942730e+03 2.279478e-16
3.398210e+03 1.648520e-16
3.924190e+03 1.221046e-16
4.531580e+03 9.001354e-17
5.232990e+03 6.600063e-17
6.042960e+03 4.727444e-17
6.978310e+03 3.471610e-17
8.058420e+03 2.535449e-17
9.305720e+03 1.840275e-17
1.074610e+04 1.301240e-17
1.240940e+04 9.447520e-18
1.433010e+04 6.815285e-18
1.654820e+04 4.880583e-18
1.910950e+04 3.392068e-18
2.206730e+04 2.426001e-18
2.548300e+04 1.721795e-18
2.942730e+04 1.211355e-18
3.398210e+04 8.226984e-19
3.924190e+04 5.768510e-19
4.531580e+04 4.007076e-19
5.232990e+04 2.754008e-19
6.042960e+04 1.813305e-19
6.978310e+04 1.238611e-19
8.058420e+04 8.363729e-20
9.305720e+04 5.573712e-20
1.074610e+05 3.518897e-20
1.240940e+05 2.321965e-20
1.433010e+05 1.510307e-20
1.654820e+05 9.662504e-21
1.910950e+05 5.759542e-21
2.206730e+05 3.630044e-21
2.548300e+05 2.246828e-21
2.942730e+05 1.361809e-21
3.398210e+05 7.494824e-22
3.924190e+05 4.443978e-22
4.531580e+05 2.575171e-22
5.232990e+05 1.452839e-22
6.042960e+05 7.145465e-23
6.978310e+05 3.905154e-23
8.058420e+05 2.073185e-23
9.305720e+05 1.063685e-23
1.074610e+06 4.451346e-24
1.240940e+06 2.180736e-24
1.433010e+06 1.030228e-24
1.654820e+06 4.661135e-25
1.910950e+06 1.536933e-25
2.206730e+06 6.485579e-26
2.548300e+06 2.617520e-26
2.942730e+06 1.002354e-26
3.398210e+06 2.282974e-27
3.924190e+06 7.779988e-28
4.531580e+06 2.514077e-28
5.232990e+06 7.721502e-29
6.042960e+06 9.657625e-30
6.978310e+06 2.363682e-30
8.058420e+06 5.353592e-31
9.305720e+06 1.177427e-31
1.074610e+07 6.117948e-33
1.240940e+07 8.731438e-34
1.433010e+07 1.052983e-34
1.654820e+07 1.230835e-35
1.910950e+07 1.959550e-37
2.206730e+07 1.139820e-38
2.548300e+07 4.534049e-40
2.942730e+07 1.417733e-41
3.398210e+07 4.113442e-44
3.924190e+07 5.356397e-46
4.531580e+07 3.225081e-48
5.232990e+07 8.663767e-51
6.042960e+07 1.572945e-54
6.978310e+07 9.122712e-58
8.058420e+07 1.193343e-61
9.305720e+07 0.000000e+00
