Ev [GeV]   dN_dEv [s^-1 GeV^-1]
3.398210e-02 1.411354e-06
3.924190e-02 1.357453e-06
4.531580e-02 1.285878e-06
5.232990e-02 1.202862e-06
6.042960e-02 1.099932e-06
6.978310e-02 9.813358e-07
8.058420e-02 8.484739e-07
9.305720e-02 7.062782e-07
1.074610e-01 5.604638e-07
1.240940e-01 4.399845e-07
1.433010e-01 3.395986e-07
1.654820e-01 2.583838e-07
1.910950e-01 1.911684e-07
2.206730e-01 1.435808e-07
2.548300e-01 1.070591e-07
2.942730e-01 7.925323e-08
3.398210e-01 5.784086e-08
3.924190e-01 4.300937e-08
4.531580e-01 3.190821e-08
5.232990e-01 2.362504e-08
6.042960e-01 1.736340e-08
6.978310e-01 1.300320e-08
8.058420e-01 9.731605e-09
9.305720e-01 7.272735e-09
1.074610e+00 5.376481e-09
1.240940e+00 4.052043e-09
1.433010e+00 3.047368e-09
1.654820e+00 2.286053e-09
1.910950e+00 1.693163e-09
2.206730e+00 1.278790e-09
2.548300e+00 9.633193e-10
2.942730e+00 7.235500e-10
3.398210e+00 5.364422e-10
3.924190e+00 4.050747e-10
4.531580e+00 3.048758e-10
5.232990e+00 2.286367e-10
6.042960e+00 1.693522e-10
6.978310e+00 1.277008e-10
8.058420e+00 9.605059e-11
9.305720e+00 7.205822e-11
1.074610e+01 5.345915e-11
1.240940e+01 4.039113e-11
1.433010e+01 3.044306e-11
1.654820e+01 2.287862e-11
1.910950e+01 1.695894e-11
2.206730e+01 1.281156e-11
2.548300e+01 9.649577e-12
2.942730e+01 7.245319e-12
3.398210e+01 5.359331e-12
3.924190e+01 4.047404e-12
4.531580e+01 3.049348e-12
5.232990e+01 2.291243e-12
6.042960e+01 1.695547e-12
6.978310e+01 1.282056e-12
8.058420e+01 9.670925e-13
9.305720e+01 7.274335e-13
1.074610e+02 5.383652e-13
1.240940e+02 4.071009e-13
1.433010e+02 3.069808e-13
1.654820e+02 2.307346e-13
1.910950e+02 1.705029e-13
2.206730e+02 1.287599e-13
2.548300e+02 9.694535e-14
2.942730e+02 7.274335e-14
3.398210e+02 5.363606e-14
3.924190e+02 4.042710e-14
4.531580e+02 3.037427e-14
5.232990e+02 2.273889e-14
6.042960e+02 1.671716e-14
6.978310e+02 1.256719e-14
8.058420e+02 9.415075e-15
9.305720e+02 7.026209e-15
1.074610e+03 5.145196e-15
1.240940e+03 3.854160e-15
1.433010e+03 2.876266e-15
1.654820e+03 2.137348e-15
1.910950e+03 1.556859e-15
2.206730e+03 1.160612e-15
2.548300e+03 8.616083e-16
2.942730e+03 6.366064e-16
3.398210e+03 4.603940e-16
3.924190e+03 3.410103e-16
4.531580e+03 2.513873e-16
5.232990e+03 1.843248e-16
6.042960e+03 1.320267e-16
6.978310e+03 9.695418e-17
8.058420e+03 7.080931e-17
9.305720e+03 5.139470e-17
1.074610e+04 3.634067e-17
1.240940e+04 2.638477e-17
1.433010e+04 1.903354e-17
1.654820e+04 1.363036e-17
1.910950e+04 9.473273e-18
2.206730e+04 6.775269e-18
2.548300e+04 4.808581e-18
2.942730e+04 3.383039e-18
3.398210e+04 2.297609e-18
3.924190e+04 1.611014e-18
4.531580e+04 1.119085e-18
5.232990e+04 7.691318e-19
6.042960e+04 5.064149e-19
6.978310e+04 3.459160e-19
8.058420e+04 2.335799e-19
9.305720e+04 1.556611e-19
1.074610e+05 9.827480e-20
1.240940e+05 6.484721e-20
1.433010e+05 4.217943e-20
1.654820e+05 2.698518e-20
1.910950e+05 1.608509e-20
2.206730e+05 1.013789e-20
2.548300e+05 6.274878e-21
2.942730e+05 3.803222e-21
3.398210e+05 2.093134e-21
3.924190e+05 1.241102e-21
4.531580e+05 7.191865e-22
5.232990e+05 4.057449e-22
6.042960e+05 1.995566e-22
6.978310e+05 1.090621e-22
8.058420e+05 5.789933e-23
9.305720e+05 2.970629e-23
1.074610e+06 1.243160e-23
1.240940e+06 6.090300e-24
1.433010e+06 2.877193e-24
1.654820e+06 1.301749e-24
1.910950e+06 4.292304e-25
2.206730e+06 1.811275e-25
2.548300e+06 7.310137e-26
2.942730e+06 2.799346e-26
3.398210e+06 6.375828e-27
3.924190e+06 2.172774e-27
4.531580e+06 7.021244e-28
5.232990e+06 2.156440e-28
6.042960e+06 2.697155e-29
6.978310e+06 6.601227e-30
8.058420e+06 1.495137e-30
9.305720e+06 3.288284e-31
1.074610e+07 1.708604e-32
1.240940e+07 2.438492e-33
1.433010e+07 2.940742e-34
1.654820e+07 3.437442e-35
1.910950e+07 5.472576e-37
2.206730e+07 3.183258e-38
2.548300e+07 1.266257e-39
2.942730e+07 3.959407e-41
3.398210e+07 1.148791e-43
3.924190e+07 1.495920e-45
4.531580e+07 9.006919e-48
5.232990e+07 2.419593e-50
6.042960e+07 4.392878e-54
6.978310e+07 2.547766e-57
8.058420e+07 3.332735e-61
9.305720e+07 0.000000e+00
