Ev [GeV]   dN_dEv [s^-1 GeV^-1]
3.398210e-02 1.763475e-06
3.924190e-02 1.696126e-06
4.531580e-02 1.606694e-06
5.232990e-02 1.502966e-06
6.042960e-02 1.374356e-06
6.978310e-02 1.226171e-06
8.058420e-02 1.060161e-06
9.305720e-02 8.824886e-07
1.074610e-01 7.002948e-07
1.240940e-01 5.497569e-07
1.433010e-01 4.243256e-07
1.654820e-01 3.228483e-07
1.910950e-01 2.388633e-07
2.206730e-01 1.794030e-07
2.548300e-01 1.337694e-07
2.942730e-01 9.902624e-08
3.398210e-01 7.227167e-08
3.924190e-01 5.373984e-08
4.531580e-01 3.986904e-08
5.232990e-01 2.951929e-08
6.042960e-01 2.169542e-08
6.978310e-01 1.624739e-08
8.058420e-01 1.215956e-08
9.305720e-01 9.087221e-09
1.074610e+00 6.717868e-09
1.240940e+00 5.062994e-09
1.433010e+00 3.807660e-09
1.654820e+00 2.856403e-09
1.910950e+00 2.115593e-09
2.206730e+00 1.597837e-09
2.548300e+00 1.203659e-09
2.942730e+00 9.040696e-10
3.398210e+00 6.702800e-10
3.924190e+00 5.061374e-10
4.531580e+00 3.809397e-10
5.232990e+00 2.856796e-10
6.042960e+00 2.116041e-10
6.978310e+00 1.595611e-10
8.058420e+00 1.200144e-10
9.305720e+00 9.003613e-11
1.074610e+01 6.679675e-11
1.240940e+01 5.046837e-11
1.433010e+01 3.803835e-11
1.654820e+01 2.858664e-11
1.910950e+01 2.119005e-11
2.206730e+01 1.600794e-11
2.548300e+01 1.205706e-11
2.942730e+01 9.052965e-12
3.398210e+01 6.696438e-12
3.924190e+01 5.057197e-12
4.531580e+01 3.810135e-12
5.232990e+01 2.862889e-12
6.042960e+01 2.118571e-12
6.978310e+01 1.601918e-12
8.058420e+01 1.208374e-12
9.305720e+01 9.089220e-13
1.074610e+02 6.726828e-13
1.240940e+02 5.086691e-13
1.433010e+02 3.835699e-13
1.654820e+02 2.883009e-13
1.910950e+02 2.130420e-13
2.206730e+02 1.608845e-13
2.548300e+02 1.211324e-13
2.942730e+02 9.089220e-14
3.398210e+02 6.701780e-14
3.924190e+02 5.051331e-14
4.531580e+02 3.795240e-14
5.232990e+02 2.841205e-14
6.042960e+02 2.088795e-14
6.978310e+02 1.570259e-14
8.058420e+02 1.176406e-14
9.305720e+02 8.779188e-15
1.074610e+03 6.428879e-15
1.240940e+03 4.815740e-15
1.433010e+03 3.593870e-15
1.654820e+03 2.670598e-15
1.910950e+03 1.945283e-15
2.206730e+03 1.450175e-15
2.548300e+03 1.076572e-15
2.942730e+03 7.954343e-16
3.398210e+03 5.752584e-16
3.924190e+03 4.260894e-16
4.531580e+03 3.141064e-16
5.232990e+03 2.303122e-16
6.042960e+03 1.649663e-16
6.978310e+03 1.211434e-16
8.058420e+03 8.847563e-17
9.305720e+03 6.421724e-17
1.074610e+04 4.540736e-17
1.240940e+04 3.296755e-17
1.433010e+04 2.378225e-17
1.654820e+04 1.703102e-17
1.910950e+04 1.183677e-17
2.206730e+04 8.465641e-18
2.548300e+04 6.008281e-18
2.942730e+04 4.227079e-18
3.398210e+04 2.870843e-18
3.924190e+04 2.012948e-18
4.531580e+04 1.398287e-18
5.232990e+04 9.610237e-19
6.042960e+04 6.327612e-19
6.978310e+04 4.322191e-19
8.058420e+04 2.918561e-19
9.305720e+04 1.944972e-19
1.074610e+05 1.227935e-19
1.240940e+05 8.102604e-20
1.433010e+05 5.270284e-20
1.654820e+05 3.371775e-20
1.910950e+05 2.009819e-20
2.206730e+05 1.266720e-20
2.548300e+05 7.840407e-21
2.942730e+05 4.752093e-21
3.398210e+05 2.615353e-21
3.924190e+05 1.550746e-21
4.531580e+05 8.986175e-22
5.232990e+05 5.069749e-22
6.042960e+05 2.493442e-22
6.978310e+05 1.362721e-22
8.058420e+05 7.234473e-23
9.305720e+05 3.711776e-23
1.074610e+06 1.553317e-23
1.240940e+06 7.609778e-24
1.433010e+06 3.595028e-24
1.654820e+06 1.626524e-24
1.910950e+06 5.363197e-25
2.206730e+06 2.263172e-25
2.548300e+06 9.133954e-26
2.942730e+06 3.497759e-26
3.398210e+06 7.966543e-27
3.924190e+06 2.714862e-27
4.531580e+06 8.772985e-28
5.232990e+06 2.694453e-28
6.042960e+06 3.370072e-29
6.978310e+06 8.248177e-30
8.058420e+06 1.868160e-30
9.305720e+06 4.108683e-31
1.074610e+07 2.134886e-32
1.240940e+07 3.046875e-33
1.433010e+07 3.674432e-34
1.654820e+07 4.295054e-35
1.910950e+07 6.837938e-37
2.206730e+07 3.977454e-38
2.548300e+07 1.582177e-39
2.942730e+07 4.947245e-41
3.398210e+07 1.435404e-43
3.924190e+07 1.869139e-45
4.531580e+07 1.125407e-47
5.232990e+07 3.023261e-50
6.042960e+07 5.488864e-54
6.978310e+07 3.183412e-57
8.058420e+07 4.164225e-61
9.305720e+07 0.000000e+00
