Ev [GeV]   dN_dEv [s^-1 GeV^-1]
3.398210e-02 3.201758e-09
3.924190e-02 3.083195e-09
4.531580e-02 2.924811e-09
5.232990e-02 2.741203e-09
6.042960e-02 2.515133e-09
6.978310e-02 2.251658e-09
8.058420e-02 1.955658e-09
9.305720e-02 1.637444e-09
1.074610e-01 1.313257e-09
1.240940e-01 1.037735e-09
1.433010e-01 8.056937e-10
1.654820e-01 6.162390e-10
1.910950e-01 4.592221e-10
2.206730e-01 3.457084e-10
2.548300e-01 2.580885e-10
2.942730e-01 1.911518e-10
3.398210e-01 1.395471e-10
3.924190e-01 1.037727e-10
4.531580e-01 7.699328e-11
5.232990e-01 5.701047e-11
6.042960e-01 4.190300e-11
6.978310e-01 3.138232e-11
8.058420e-01 2.348791e-11
9.305720e-01 1.755428e-11
1.074610e+00 1.297814e-11
1.240940e+00 9.781722e-12
1.433010e+00 7.356921e-12
1.654820e+00 5.519349e-12
1.910950e+00 4.088244e-12
2.206730e+00 3.087967e-12
2.548300e+00 2.326380e-12
2.942730e+00 1.747510e-12
3.398210e+00 1.295759e-12
3.924190e+00 9.785539e-13
4.531580e+00 7.365844e-13
5.232990e+00 5.524641e-13
6.042960e+00 4.092775e-13
6.978310e+00 3.086657e-13
8.058420e+00 2.322041e-13
9.305720e+00 1.742349e-13
1.074610e+01 1.292915e-13
1.240940e+01 9.770749e-14
1.433010e+01 7.366057e-14
1.654820e+01 5.537224e-14
1.910950e+01 4.105847e-14
2.206730e+01 3.102716e-14
2.548300e+01 2.337767e-14
2.942730e+01 1.755987e-14
3.398210e+01 1.299527e-14
3.924190e+01 9.818656e-15
4.531580e+01 7.401268e-15
5.232990e+01 5.564437e-15
6.042960e+01 4.120697e-15
6.978310e+01 3.117907e-15
8.058420e+01 2.353694e-15
9.305720e+01 1.771897e-15
1.074610e+02 1.312735e-15
1.240940e+02 9.936445e-16
1.433010e+02 7.500970e-16
1.654820e+02 5.644812e-16
1.910950e+02 4.177711e-16
2.206730e+02 3.159473e-16
2.548300e+02 2.382644e-16
2.942730e+02 1.791028e-16
3.398210e+02 1.323543e-16
3.924190e+02 9.996877e-17
4.531580e+02 7.528434e-17
5.232990e+02 5.650519e-17
6.042960e+02 4.167596e-17
6.978310e+02 3.142431e-17
8.058420e+02 2.362062e-17
9.305720e+02 1.769217e-17
1.074610e+03 1.301552e-17
1.240940e+03 9.791142e-18
1.433010e+03 7.341050e-18
1.654820e+03 5.483228e-18
1.910950e+03 4.019944e-18
2.206730e+03 3.014552e-18
2.548300e+03 2.252447e-18
2.942730e+03 1.676113e-18
3.398210e+03 1.223081e-18
3.924190e+03 9.133010e-19
4.531580e+03 6.792568e-19
5.232990e+03 5.029072e-19
6.042960e+03 3.646680e-19
6.978310e+03 2.707554e-19
8.058420e+03 2.001250e-19
9.305720e+03 1.471677e-19
1.074610e+04 1.058095e-19
1.240940e+04 7.796445e-20
1.433010e+04 5.715143e-20
1.654820e+04 4.165004e-20
1.910950e+04 2.960593e-20
2.206730e+04 2.159497e-20
2.548300e+04 1.565721e-20
2.942730e+04 1.127492e-20
3.398210e+04 7.893164e-21
3.924190e+04 5.680885e-21
4.531580e+04 4.059615e-21
5.232990e+04 2.877639e-21
6.042960e+04 1.973879e-21
6.978310e+04 1.395835e-21
8.058420e+04 9.786243e-22
9.305720e+04 6.794427e-22
1.074610e+05 4.535036e-22
1.240940e+05 3.133464e-22
1.433010e+05 2.142429e-22
1.654820e+05 1.447349e-22
1.910950e+05 9.311971e-23
2.206730e+05 6.240410e-23
2.548300e+05 4.127857e-23
2.942730e+05 2.690008e-23
3.398210e+05 1.646369e-23
3.924190e+05 1.059641e-23
4.531580e+05 6.709632e-24
5.232990e+05 4.169303e-24
6.042960e+05 2.382323e-24
6.978310e+05 1.453358e-24
8.058420e+05 8.685312e-25
9.305720e+05 5.067658e-25
1.074610e+06 2.630765e-25
1.240940e+06 1.494520e-25
1.433010e+06 8.271600e-26
1.654820e+06 4.440296e-26
1.910950e+06 2.011408e-26
2.206730e+06 1.038834e-26
2.548300e+06 5.192009e-27
2.942730e+06 2.496136e-27
3.398210e+06 9.274403e-28
3.924190e+06 4.211794e-28
4.531580e+06 1.836279e-28
5.232990e+06 7.626335e-29
6.042960e+06 2.100433e-29
6.978310e+06 7.973783e-30
8.058420e+06 2.882428e-30
9.305720e+06 9.867233e-31
1.074610e+07 1.681088e-31
1.240940e+07 4.883073e-32
1.433010e+07 1.333623e-32
1.654820e+07 3.495731e-33
1.910950e+07 2.806062e-34
2.206730e+07 5.309764e-35
2.548300e+07 8.975240e-36
2.942730e+07 1.486196e-36
3.398210e+07 4.269756e-38
3.924190e+07 3.978098e-39
4.531580e+07 2.837990e-40
5.232990e+07 1.836198e-41
6.042960e+07 1.255923e-43
6.978310e+07 3.472125e-45
8.058420e+07 4.157614e-47
9.305720e+07 0.000000e+00
