Ev [GeV]   dN_dEv [s^-1 GeV^-1]
3.398210e-02 1.897072e-06
3.924190e-02 1.824621e-06
4.531580e-02 1.728414e-06
5.232990e-02 1.616828e-06
6.042960e-02 1.478475e-06
6.978310e-02 1.319063e-06
8.058420e-02 1.140476e-06
9.305720e-02 9.493441e-07
1.074610e-01 7.533477e-07
1.240940e-01 5.914054e-07
1.433010e-01 4.564716e-07
1.654820e-01 3.473066e-07
1.910950e-01 2.569590e-07
2.206730e-01 1.929942e-07
2.548300e-01 1.439035e-07
2.942730e-01 1.065283e-07
3.398210e-01 7.774682e-08
3.924190e-01 5.781106e-08
4.531580e-01 4.288943e-08
5.232990e-01 3.175561e-08
6.042960e-01 2.333902e-08
6.978310e-01 1.747826e-08
8.058420e-01 1.308074e-08
9.305720e-01 9.775650e-09
1.074610e+00 7.226799e-09
1.240940e+00 5.446556e-09
1.433010e+00 4.096120e-09
1.654820e+00 3.072798e-09
1.910950e+00 2.275866e-09
2.206730e+00 1.718886e-09
2.548300e+00 1.294846e-09
2.942730e+00 9.725600e-10
3.398210e+00 7.210590e-10
3.924190e+00 5.444813e-10
4.531580e+00 4.097989e-10
5.232990e+00 3.073221e-10
6.042960e+00 2.276348e-10
6.978310e+00 1.716491e-10
8.058420e+00 1.291064e-10
9.305720e+00 9.685708e-11
1.074610e+01 7.185714e-11
1.240940e+01 5.429175e-11
1.433010e+01 4.092005e-11
1.654820e+01 3.075231e-11
1.910950e+01 2.279537e-11
2.206730e+01 1.722067e-11
2.548300e+01 1.297048e-11
2.942730e+01 9.738798e-12
3.398210e+01 7.203746e-12
3.924190e+01 5.440320e-12
4.531580e+01 4.098782e-12
5.232990e+01 3.079776e-12
6.042960e+01 2.279070e-12
6.978310e+01 1.723275e-12
8.058420e+01 1.299918e-12
9.305720e+01 9.777801e-13
1.074610e+02 7.236438e-13
1.240940e+02 5.472048e-13
1.433010e+02 4.126284e-13
1.654820e+02 3.101420e-13
1.910950e+02 2.291816e-13
2.206730e+02 1.730727e-13
2.548300e+02 1.303091e-13
2.942730e+02 9.777801e-14
3.398210e+02 7.209493e-14
3.924190e+02 5.434010e-14
4.531580e+02 4.082759e-14
5.232990e+02 3.056449e-14
6.042960e+02 2.247037e-14
6.978310e+02 1.689219e-14
8.058420e+02 1.265528e-14
9.305720e+02 9.444281e-15
1.074610e+03 6.915917e-15
1.240940e+03 5.180570e-15
1.433010e+03 3.866134e-15
1.654820e+03 2.872917e-15
1.910950e+03 2.092653e-15
2.206730e+03 1.560038e-15
2.548300e+03 1.158131e-15
2.942730e+03 8.556947e-16
3.398210e+03 6.188388e-16
3.924190e+03 4.583691e-16
4.531580e+03 3.379024e-16
5.232990e+03 2.477602e-16
6.042960e+03 1.774638e-16
6.978310e+03 1.303210e-16
8.058420e+03 9.517836e-17
9.305720e+03 6.908221e-17
1.074610e+04 4.884733e-17
1.240940e+04 3.546510e-17
1.433010e+04 2.558394e-17
1.654820e+04 1.832125e-17
1.910950e+04 1.273350e-17
2.206730e+04 9.106980e-18
2.548300e+04 6.463456e-18
2.942730e+04 4.547313e-18
3.398210e+04 3.088333e-18
3.924190e+04 2.165445e-18
4.531580e+04 1.504219e-18
5.232990e+04 1.033829e-18
6.042960e+04 6.806978e-19
6.978310e+04 4.649631e-19
8.058420e+04 3.139665e-19
9.305720e+04 2.092319e-19
1.074610e+05 1.320961e-19
1.240940e+05 8.716440e-20
1.433010e+05 5.669549e-20
1.654820e+05 3.627213e-20
1.910950e+05 2.162078e-20
2.206730e+05 1.362684e-20
2.548300e+05 8.434380e-21
2.942730e+05 5.112102e-21
3.398210e+05 2.813487e-21
3.924190e+05 1.668228e-21
4.531580e+05 9.666949e-22
5.232990e+05 5.453822e-22
6.042960e+05 2.682340e-22
6.978310e+05 1.465958e-22
8.058420e+05 7.782541e-23
9.305720e+05 3.992973e-23
1.074610e+06 1.670993e-23
1.240940e+06 8.186279e-24
1.433010e+06 3.867380e-24
1.654820e+06 1.749746e-24
1.910950e+06 5.769501e-25
2.206730e+06 2.434625e-25
2.548300e+06 9.825923e-26
2.942730e+06 3.762742e-26
3.398210e+06 8.570071e-27
3.924190e+06 2.920535e-27
4.531580e+06 9.437608e-28
5.232990e+06 2.898579e-28
6.042960e+06 3.625382e-29
6.978310e+06 8.873042e-30
8.058420e+06 2.009688e-30
9.305720e+06 4.419949e-31
1.074610e+07 2.296620e-32
1.240940e+07 3.277700e-33
1.433010e+07 3.952799e-34
1.654820e+07 4.620439e-35
1.910950e+07 7.355966e-37
2.206730e+07 4.278778e-38
2.548300e+07 1.702039e-39
2.942730e+07 5.322038e-41
3.398210e+07 1.544148e-43
3.924190e+07 2.010741e-45
4.531580e+07 1.210665e-47
5.232990e+07 3.252297e-50
6.042960e+07 5.904689e-54
6.978310e+07 3.424581e-57
8.058420e+07 4.479698e-61
9.305720e+07 0.000000e+00
