Ev [GeV]   dN_dEv [s^-1 GeV^-1]
3.398210e-02 2.295134e-07
3.924190e-02 2.207482e-07
4.531580e-02 2.091087e-07
5.232990e-02 1.956087e-07
6.042960e-02 1.788703e-07
6.978310e-02 1.595842e-07
8.058420e-02 1.379782e-07
9.305720e-02 1.148545e-07
1.074610e-01 9.114225e-08
1.240940e-01 7.154999e-08
1.433010e-01 5.522530e-08
1.654820e-01 4.201819e-08
1.910950e-01 3.108767e-08
2.206730e-01 2.334901e-08
2.548300e-01 1.740987e-08
2.942730e-01 1.288811e-08
3.398210e-01 9.406042e-09
3.924190e-01 6.994154e-09
4.531580e-01 5.188892e-09
5.232990e-01 3.841888e-09
6.042960e-01 2.823625e-09
6.978310e-01 2.114572e-09
8.058420e-01 1.582547e-09
9.305720e-01 1.182687e-09
1.074610e+00 8.743197e-10
1.240940e+00 6.589406e-10
1.433010e+00 4.955609e-10
1.654820e+00 3.717563e-10
1.910950e+00 2.753411e-10
2.206730e+00 2.079559e-10
2.548300e+00 1.566543e-10
2.942730e+00 1.176632e-10
3.398210e+00 8.723588e-11
3.924190e+00 6.587297e-11
4.531580e+00 4.957869e-11
5.232990e+00 3.718075e-11
6.042960e+00 2.753994e-11
6.978310e+00 2.076662e-11
8.058420e+00 1.561968e-11
9.305720e+00 1.171806e-11
1.074610e+01 8.693491e-12
1.240940e+01 6.568378e-12
1.433010e+01 4.950630e-12
1.654820e+01 3.720506e-12
1.910950e+01 2.757852e-12
2.206730e+01 2.083408e-12
2.548300e+01 1.569208e-12
2.942730e+01 1.178229e-12
3.398210e+01 8.715308e-13
3.924190e+01 6.581861e-13
4.531580e+01 4.958829e-13
5.232990e+01 3.726005e-13
6.042960e+01 2.757286e-13
6.978310e+01 2.084870e-13
8.058420e+01 1.572679e-13
9.305720e+01 1.182948e-13
1.074610e+02 8.754859e-14
1.240940e+02 6.620247e-14
1.433010e+02 4.992102e-14
1.654820e+02 3.752190e-14
1.910950e+02 2.772707e-14
2.206730e+02 2.093886e-14
2.548300e+02 1.576519e-14
2.942730e+02 1.182948e-14
3.398210e+02 8.722260e-15
3.924190e+02 6.574227e-15
4.531580e+02 4.939444e-15
5.232990e+02 3.697783e-15
6.042960e+02 2.718533e-15
6.978310e+02 2.043668e-15
8.058420e+02 1.531073e-15
9.305720e+02 1.142597e-15
1.074610e+03 8.367083e-16
1.240940e+03 6.267609e-16
1.433010e+03 4.677365e-16
1.654820e+03 3.475740e-16
1.910950e+03 2.531754e-16
2.206730e+03 1.887380e-16
2.548300e+03 1.401142e-16
2.942730e+03 1.035245e-16
3.398210e+03 7.486897e-17
3.924190e+03 5.545486e-17
4.531580e+03 4.088044e-17
5.232990e+03 2.997477e-17
6.042960e+03 2.147010e-17
6.978310e+03 1.576662e-17
8.058420e+03 1.151496e-17
9.305720e+03 8.357772e-18
1.074610e+04 5.909696e-18
1.240940e+04 4.290674e-18
1.433010e+04 3.095221e-18
1.654820e+04 2.216560e-18
1.910950e+04 1.540537e-18
2.206730e+04 1.101790e-18
2.548300e+04 7.819682e-19
2.942730e+04 5.501476e-19
3.398210e+04 3.736357e-19
3.924190e+04 2.619819e-19
4.531580e+04 1.819849e-19
5.232990e+04 1.250757e-19
6.042960e+04 8.235286e-20
6.978310e+04 5.625262e-20
8.058420e+04 3.798461e-20
9.305720e+04 2.531351e-20
1.074610e+05 1.598138e-20
1.240940e+05 1.054541e-20
1.433010e+05 6.859190e-21
1.654820e+05 4.388311e-21
1.910950e+05 2.615747e-21
2.206730e+05 1.648616e-21
2.548300e+05 1.020416e-21
2.942730e+05 6.184773e-22
3.398210e+05 3.403840e-22
3.924190e+05 2.018272e-22
4.531580e+05 1.169536e-22
5.232990e+05 6.598197e-23
6.042960e+05 3.245176e-23
6.978310e+05 1.773560e-23
8.058420e+05 9.415551e-24
9.305720e+05 4.830818e-24
1.074610e+06 2.021618e-24
1.240940e+06 9.904005e-25
1.433010e+06 4.678872e-25
1.654820e+06 2.116895e-25
1.910950e+06 6.980115e-26
2.206730e+06 2.945483e-26
2.548300e+06 1.188769e-26
2.942730e+06 4.552277e-27
3.398210e+06 1.036833e-27
3.924190e+06 3.533350e-28
4.531580e+06 1.141790e-28
5.232990e+06 3.506788e-29
6.042960e+06 4.386095e-30
6.978310e+06 1.073487e-30
8.058420e+06 2.431381e-31
9.305720e+06 5.347386e-32
1.074610e+07 2.778520e-33
1.240940e+07 3.965460e-34
1.433010e+07 4.782214e-35
1.654820e+07 5.589945e-36
1.910950e+07 8.899467e-38
2.206730e+07 5.176593e-39
2.548300e+07 2.059178e-40
2.942730e+07 6.438761e-42
3.398210e+07 1.868156e-44
3.924190e+07 2.432655e-46
4.531580e+07 1.464699e-48
5.232990e+07 3.934726e-51
6.042960e+07 7.143669e-55
6.978310e+07 4.143160e-58
8.058420e+07 5.419672e-62
9.305720e+07 0.000000e+00
