Ev [GeV]   dN_dEv [s^-1 GeV^-1]
3.398210e-02 2.334691e-09
3.924190e-02 2.248236e-09
4.531580e-02 2.132744e-09
5.232990e-02 1.998859e-09
6.042960e-02 1.834011e-09
6.978310e-02 1.641887e-09
8.058420e-02 1.426047e-09
9.305720e-02 1.194008e-09
1.074610e-01 9.576140e-10
1.240940e-01 7.567063e-10
1.433010e-01 5.875041e-10
1.654820e-01 4.493555e-10
1.910950e-01 3.348603e-10
2.206730e-01 2.520872e-10
2.548300e-01 1.881956e-10
2.942730e-01 1.393860e-10
3.398210e-01 1.017564e-10
3.924190e-01 7.567006e-11
4.531580e-01 5.614276e-11
5.232990e-01 4.157148e-11
6.042960e-01 3.055526e-11
6.978310e-01 2.288369e-11
8.058420e-01 1.712715e-11
9.305720e-01 1.280042e-11
1.074610e+00 9.463536e-12
1.240940e+00 7.132737e-12
1.433010e+00 5.364596e-12
1.654820e+00 4.024656e-12
1.910950e+00 2.981108e-12
2.206730e+00 2.251716e-12
2.548300e+00 1.696374e-12
2.942730e+00 1.274268e-12
3.398210e+00 9.448551e-13
3.924190e+00 7.135520e-13
4.531580e+00 5.371102e-13
5.232990e+00 4.028515e-13
6.042960e+00 2.984412e-13
6.978310e+00 2.250761e-13
8.058420e+00 1.693210e-13
9.305720e+00 1.270504e-13
1.074610e+01 9.427813e-14
1.240940e+01 7.124736e-14
1.433010e+01 5.371258e-14
1.654820e+01 4.037690e-14
1.910950e+01 2.993944e-14
2.206730e+01 2.262471e-14
2.548300e+01 1.704677e-14
2.942730e+01 1.280449e-14
3.398210e+01 9.476028e-15
3.924190e+01 7.159669e-15
4.531580e+01 5.396933e-15
5.232990e+01 4.057534e-15
6.042960e+01 3.004772e-15
6.978310e+01 2.273548e-15
8.058420e+01 1.716291e-15
9.305720e+01 1.292050e-15
1.074610e+02 9.572339e-16
1.240940e+02 7.245559e-16
1.433010e+02 5.469635e-16
1.654820e+02 4.116142e-16
1.910950e+02 3.046347e-16
2.206730e+02 2.303857e-16
2.548300e+02 1.737401e-16
2.942730e+02 1.306000e-16
3.398210e+02 9.651147e-17
3.924190e+02 7.289626e-17
4.531580e+02 5.489662e-17
5.232990e+02 4.120304e-17
6.042960e+02 3.038971e-17
6.978310e+02 2.291430e-17
8.058420e+02 1.722393e-17
9.305720e+02 1.290096e-17
1.074610e+03 9.490790e-18
1.240940e+03 7.139607e-18
1.433010e+03 5.353023e-18
1.654820e+03 3.998317e-18
1.910950e+03 2.931304e-18
2.206730e+03 2.198182e-18
2.548300e+03 1.642462e-18
2.942730e+03 1.222205e-18
3.398210e+03 8.918589e-19
3.924190e+03 6.659703e-19
4.531580e+03 4.953075e-19
5.232990e+03 3.667151e-19
6.042960e+03 2.659124e-19
6.978310e+03 1.974323e-19
8.058420e+03 1.459292e-19
9.305720e+03 1.073133e-19
1.074610e+04 7.715525e-20
1.240940e+04 5.685093e-20
1.433010e+04 4.167427e-20
1.654820e+04 3.037081e-20
1.910950e+04 2.158836e-20
2.206730e+04 1.574684e-20
2.548300e+04 1.141709e-20
2.942730e+04 8.221561e-21
3.398210e+04 5.755619e-21
3.924190e+04 4.142447e-21
4.531580e+04 2.960232e-21
5.232990e+04 2.098347e-21
6.042960e+04 1.439333e-21
6.978310e+04 1.017830e-21
8.058420e+04 7.136034e-22
9.305720e+04 4.954431e-22
1.074610e+05 3.306904e-22
1.240940e+05 2.284892e-22
1.433010e+05 1.562238e-22
1.654820e+05 1.055393e-22
1.910950e+05 6.790200e-23
2.206730e+05 4.550447e-23
2.548300e+05 3.009994e-23
2.942730e+05 1.961528e-23
3.398210e+05 1.200517e-23
3.924190e+05 7.726803e-24
4.531580e+05 4.892599e-24
5.232990e+05 3.040216e-24
6.042960e+05 1.737167e-24
6.978310e+05 1.059775e-24
8.058420e+05 6.333246e-25
9.305720e+05 3.695287e-25
1.074610e+06 1.918328e-25
1.240940e+06 1.089789e-25
1.433010e+06 6.031571e-26
1.654820e+06 3.237821e-26
1.910950e+06 1.466699e-26
2.206730e+06 7.575075e-27
2.548300e+06 3.785963e-27
2.942730e+06 1.820159e-27
3.398210e+06 6.762805e-28
3.924190e+06 3.071200e-28
4.531580e+06 1.338997e-28
5.232990e+06 5.561050e-29
6.042960e+06 1.531616e-29
6.978310e+06 5.814405e-30
8.058420e+06 2.101839e-30
9.305720e+06 7.195091e-31
1.074610e+07 1.225833e-31
1.240940e+07 3.560690e-32
1.433010e+07 9.724654e-33
1.654820e+07 2.549053e-33
1.910950e+07 2.046154e-34
2.206730e+07 3.871829e-35
2.548300e+07 6.544658e-36
2.942730e+07 1.083720e-36
3.398210e+07 3.113465e-38
3.924190e+07 2.900790e-39
4.531580e+07 2.069435e-40
5.232990e+07 1.338938e-41
6.042960e+07 9.158071e-44
6.978310e+07 2.531840e-45
8.058420e+07 3.031692e-47
9.305720e+07 0.000000e+00
