Ev [GeV]   dN_dEv [s^-1 GeV^-1]
3.398210e-02 7.770406e-07
3.924190e-02 7.473649e-07
4.531580e-02 7.079583e-07
5.232990e-02 6.622527e-07
6.042960e-02 6.055832e-07
6.978310e-02 5.402882e-07
8.058420e-02 4.671392e-07
9.305720e-02 3.888514e-07
1.074610e-01 3.085712e-07
1.240940e-01 2.422396e-07
1.433010e-01 1.869708e-07
1.654820e-01 1.422568e-07
1.910950e-01 1.052504e-07
2.206730e-01 7.905042e-08
2.548300e-01 5.894287e-08
2.942730e-01 4.363397e-08
3.398210e-01 3.184510e-08
3.924190e-01 2.367941e-08
4.531580e-01 1.756751e-08
5.232990e-01 1.300710e-08
6.042960e-01 9.559664e-09
6.978310e-01 7.159095e-09
8.058420e-01 5.357871e-09
9.305720e-01 4.004106e-09
1.074610e+00 2.960097e-09
1.240940e+00 2.230909e-09
1.433010e+00 1.677771e-09
1.654820e+00 1.258618e-09
1.910950e+00 9.321949e-10
2.206730e+00 7.040556e-10
2.548300e+00 5.303689e-10
2.942730e+00 3.983606e-10
3.398210e+00 2.953458e-10
3.924190e+00 2.230195e-10
4.531580e+00 1.678536e-10
5.232990e+00 1.258791e-10
6.042960e+00 9.323923e-11
6.978310e+00 7.030747e-11
8.058420e+00 5.288200e-11
9.305720e+00 3.967266e-11
1.074610e+01 2.943268e-11
1.240940e+01 2.223790e-11
1.433010e+01 1.676085e-11
1.654820e+01 1.259614e-11
1.910950e+01 9.336982e-12
2.206730e+01 7.053586e-12
2.548300e+01 5.312709e-12
2.942730e+01 3.989012e-12
3.398210e+01 2.950655e-12
3.924190e+01 2.228355e-12
4.531580e+01 1.678861e-12
5.232990e+01 1.261476e-12
6.042960e+01 9.335069e-13
6.978310e+01 7.058536e-13
8.058420e+01 5.324463e-13
9.305720e+01 4.004987e-13
1.074610e+02 2.964045e-13
1.240940e+02 2.241351e-13
1.433010e+02 1.690126e-13
1.654820e+02 1.270342e-13
1.910950e+02 9.387277e-14
2.206730e+02 7.089059e-14
2.548300e+02 5.337462e-14
2.942730e+02 4.004987e-14
3.398210e+02 2.953008e-14
3.924190e+02 2.225770e-14
4.531580e+02 1.672298e-14
5.232990e+02 1.251921e-14
6.042960e+02 9.203865e-15
6.978310e+02 6.919041e-15
8.058420e+02 5.183602e-15
9.305720e+02 3.868378e-15
1.074610e+03 2.832760e-15
1.240940e+03 2.121962e-15
1.433010e+03 1.583569e-15
1.654820e+03 1.176747e-15
1.910950e+03 8.571507e-16
2.206730e+03 6.389915e-16
2.548300e+03 4.743705e-16
2.942730e+03 3.504926e-16
3.398210e+03 2.534764e-16
3.924190e+03 1.877480e-16
4.531580e+03 1.384048e-16
5.232990e+03 1.014826e-16
6.042960e+03 7.268917e-17
6.978310e+03 5.337948e-17
8.058420e+03 3.898506e-17
9.305720e+03 2.829607e-17
1.074610e+04 2.000787e-17
1.240940e+04 1.452651e-17
1.433010e+04 1.047918e-17
1.654820e+04 7.504385e-18
1.910950e+04 5.215643e-18
2.206730e+04 3.730219e-18
2.548300e+04 2.647432e-18
2.942730e+04 1.862580e-18
3.398210e+04 1.264981e-18
3.924190e+04 8.869661e-19
4.531580e+04 6.161280e-19
5.232990e+04 4.234563e-19
6.042960e+04 2.788138e-19
6.978310e+04 1.904489e-19
8.058420e+04 1.286007e-19
9.305720e+04 8.570140e-20
1.074610e+05 5.410657e-20
1.240940e+05 3.570254e-20
1.433010e+05 2.322247e-20
1.654820e+05 1.485707e-20
1.910950e+05 8.855872e-21
2.206730e+05 5.581555e-21
2.548300e+05 3.454722e-21
2.942730e+05 2.093917e-21
3.398210e+05 1.152404e-21
3.924190e+05 6.833061e-22
4.531580e+05 3.959582e-22
5.232990e+05 2.233886e-22
6.042960e+05 1.098687e-22
6.978310e+05 6.004565e-23
8.058420e+05 3.187729e-23
9.305720e+05 1.635522e-23
1.074610e+06 6.844389e-24
1.240940e+06 3.353100e-24
1.433010e+06 1.584079e-24
1.654820e+06 7.166961e-25
1.910950e+06 2.363188e-25
2.206730e+06 9.972226e-26
2.548300e+06 4.024698e-26
2.942730e+06 1.541219e-26
3.398210e+06 3.510301e-27
3.924190e+06 1.196251e-27
4.531580e+06 3.865644e-28
5.232990e+06 1.187258e-28
6.042960e+06 1.484956e-29
6.978310e+06 3.634398e-30
8.058420e+06 8.231684e-31
9.305720e+06 1.810411e-31
1.074610e+07 9.406957e-33
1.240940e+07 1.342546e-33
1.433010e+07 1.619066e-34
1.654820e+07 1.892532e-35
1.910950e+07 3.013004e-37
2.206730e+07 1.752587e-38
2.548300e+07 6.971553e-40
2.942730e+07 2.179907e-41
3.398210e+07 6.324829e-44
3.924190e+07 8.235997e-46
4.531580e+07 4.958885e-48
5.232990e+07 1.332141e-50
6.042960e+07 2.418561e-54
6.978310e+07 1.402708e-57
8.058420e+07 1.834884e-61
9.305720e+07 0.000000e+00
