Ev [GeV]   dN_dEv [s^-1 GeV^-1]
3.398210e-02 1.468886e-07
3.924190e-02 1.412788e-07
4.531580e-02 1.338296e-07
5.232990e-02 1.251896e-07
6.042960e-02 1.144770e-07
6.978310e-02 1.021339e-07
8.058420e-02 8.830608e-08
9.305720e-02 7.350687e-08
1.074610e-01 5.833104e-08
1.240940e-01 4.579199e-08
1.433010e-01 3.534419e-08
1.654820e-01 2.689164e-08
1.910950e-01 1.989611e-08
2.206730e-01 1.494337e-08
2.548300e-01 1.114232e-08
2.942730e-01 8.248388e-09
3.398210e-01 6.019867e-09
3.924190e-01 4.476259e-09
4.531580e-01 3.320891e-09
5.232990e-01 2.458808e-09
6.042960e-01 1.807120e-09
6.978310e-01 1.353326e-09
8.058420e-01 1.012830e-09
9.305720e-01 7.569199e-10
1.074610e+00 5.595646e-10
1.240940e+00 4.217220e-10
1.433010e+00 3.171590e-10
1.654820e+00 2.379241e-10
1.910950e+00 1.762183e-10
2.206730e+00 1.330918e-10
2.548300e+00 1.002588e-10
2.942730e+00 7.530446e-11
3.398210e+00 5.583096e-11
3.924190e+00 4.215870e-11
4.531580e+00 3.173036e-11
5.232990e+00 2.379568e-11
6.042960e+00 1.762556e-11
6.978310e+00 1.329064e-11
8.058420e+00 9.996597e-12
9.305720e+00 7.499558e-12
1.074610e+01 5.563834e-12
1.240940e+01 4.203762e-12
1.433010e+01 3.168403e-12
1.654820e+01 2.381124e-12
1.910950e+01 1.765025e-12
2.206730e+01 1.333381e-12
2.548300e+01 1.004293e-12
2.942730e+01 7.540665e-13
3.398210e+01 5.577797e-13
3.924190e+01 4.212391e-13
4.531580e+01 3.173651e-13
5.232990e+01 2.384643e-13
6.042960e+01 1.764663e-13
6.978310e+01 1.334317e-13
8.058420e+01 1.006515e-13
9.305720e+01 7.570864e-14
1.074610e+02 5.603110e-14
1.240940e+02 4.236958e-14
1.433010e+02 3.194945e-14
1.654820e+02 2.401402e-14
1.910950e+02 1.774533e-14
2.206730e+02 1.340087e-14
2.548300e+02 1.008972e-14
2.942730e+02 7.570864e-15
3.398210e+02 5.582246e-15
3.924190e+02 4.207505e-15
4.531580e+02 3.161244e-15
5.232990e+02 2.366581e-15
6.042960e+02 1.739861e-15
6.978310e+02 1.307947e-15
8.058420e+02 9.798869e-16
9.305720e+02 7.312623e-16
1.074610e+03 5.354933e-16
1.240940e+03 4.011270e-16
1.433010e+03 2.993514e-16
1.654820e+03 2.224474e-16
1.910950e+03 1.620323e-16
2.206730e+03 1.207923e-16
2.548300e+03 8.967307e-17
2.942730e+03 6.625568e-17
3.398210e+03 4.791614e-17
3.924190e+03 3.549111e-17
4.531580e+03 2.616348e-17
5.232990e+03 1.918385e-17
6.042960e+03 1.374086e-17
6.978310e+03 1.009064e-17
8.058420e+03 7.369576e-18
9.305720e+03 5.348974e-18
1.074610e+04 3.782205e-18
1.240940e+04 2.746031e-18
1.433010e+04 1.980942e-18
1.654820e+04 1.418598e-18
1.910950e+04 9.859439e-19
2.206730e+04 7.051454e-19
2.548300e+04 5.004597e-19
2.942730e+04 3.520944e-19
3.398210e+04 2.391268e-19
3.924190e+04 1.676684e-19
4.531580e+04 1.164703e-19
5.232990e+04 8.004845e-20
6.042960e+04 5.270583e-20
6.978310e+04 3.600168e-20
8.058420e+04 2.431015e-20
9.305720e+04 1.620064e-20
1.074610e+05 1.022808e-20
1.240940e+05 6.749062e-21
1.433010e+05 4.389882e-21
1.654820e+05 2.808519e-21
1.910950e+05 1.674078e-21
2.206730e+05 1.055114e-21
2.548300e+05 6.530665e-22
2.942730e+05 3.958255e-22
3.398210e+05 2.178458e-22
3.924190e+05 1.291694e-22
4.531580e+05 7.485032e-23
5.232990e+05 4.222846e-23
6.042960e+05 2.076912e-23
6.978310e+05 1.135078e-23
8.058420e+05 6.025953e-24
9.305720e+05 3.091723e-24
1.074610e+06 1.293835e-24
1.240940e+06 6.338563e-25
1.433010e+06 2.994478e-25
1.654820e+06 1.354813e-25
1.910950e+06 4.467274e-26
2.206730e+06 1.885109e-26
2.548300e+06 7.608125e-27
2.942730e+06 2.913458e-27
3.398210e+06 6.635730e-28
3.924190e+06 2.261344e-28
4.531580e+06 7.307456e-29
5.232990e+06 2.244344e-29
6.042960e+06 2.807101e-30
6.978310e+06 6.870317e-31
8.058420e+06 1.556084e-31
9.305720e+06 3.422327e-32
1.074610e+07 1.778253e-33
1.240940e+07 2.537894e-34
1.433010e+07 3.060617e-35
1.654820e+07 3.577565e-36
1.910950e+07 5.695659e-38
2.206730e+07 3.313019e-39
2.548300e+07 1.317874e-40
2.942730e+07 4.120807e-42
3.398210e+07 1.195620e-44
3.924190e+07 1.556899e-46
4.531580e+07 9.374074e-49
5.232990e+07 2.518225e-51
6.042960e+07 4.571948e-55
6.978310e+07 2.651622e-58
8.058420e+07 3.468590e-62
9.305720e+07 0.000000e+00
