Ev [GeV]   dN_dEv [s^-1 GeV^-1]
3.398210e-02 3.363230e-07
3.924190e-02 3.234786e-07
4.531580e-02 3.064224e-07
5.232990e-02 2.866399e-07
6.042960e-02 2.621118e-07
6.978310e-02 2.338505e-07
8.058420e-02 2.021897e-07
9.305720e-02 1.683048e-07
1.074610e-01 1.335575e-07
1.240940e-01 1.048475e-07
1.433010e-01 8.092571e-08
1.654820e-01 6.157237e-08
1.910950e-01 4.555506e-08
2.206730e-01 3.421504e-08
2.548300e-01 2.551198e-08
2.942730e-01 1.888590e-08
3.398210e-01 1.378337e-08
3.924190e-01 1.024905e-08
4.531580e-01 7.603667e-09
5.232990e-01 5.629803e-09
6.042960e-01 4.137666e-09
6.978310e-01 3.098639e-09
8.058420e-01 2.319023e-09
9.305720e-01 1.733079e-09
1.074610e+00 1.281205e-09
1.240940e+00 9.655943e-10
1.433010e+00 7.261820e-10
1.654820e+00 5.447621e-10
1.910950e+00 4.034777e-10
2.206730e+00 3.047332e-10
2.548300e+00 2.295572e-10
2.942730e+00 1.724206e-10
3.398210e+00 1.278332e-10
3.924190e+00 9.652854e-11
4.531580e+00 7.265133e-11
5.232990e+00 5.448370e-11
6.042960e+00 4.035631e-11
6.978310e+00 3.043086e-11
8.058420e+00 2.288868e-11
9.305720e+00 1.717134e-11
1.074610e+01 1.273922e-11
1.240940e+01 9.625130e-12
1.433010e+01 7.254524e-12
1.654820e+01 5.451932e-12
1.910950e+01 4.041284e-12
2.206730e+01 3.052972e-12
2.548300e+01 2.299476e-12
2.942730e+01 1.726546e-12
3.398210e+01 1.277118e-12
3.924190e+01 9.644888e-13
4.531580e+01 7.266539e-13
5.232990e+01 5.459990e-13
6.042960e+01 4.040456e-13
6.978310e+01 3.055114e-13
8.058420e+01 2.304563e-13
9.305720e+01 1.733460e-13
1.074610e+02 1.282914e-13
1.240940e+02 9.701137e-14
1.433010e+02 7.315296e-14
1.654820e+02 5.498362e-14
1.910950e+02 4.063053e-14
2.206730e+02 3.068325e-14
2.548300e+02 2.310190e-14
2.942730e+02 1.733460e-14
3.398210e+02 1.278137e-14
3.924190e+02 9.633701e-15
4.531580e+02 7.238132e-15
5.232990e+02 5.418635e-15
6.042960e+02 3.983667e-15
6.978310e+02 2.994737e-15
8.058420e+02 2.243595e-15
9.305720e+02 1.674332e-15
1.074610e+03 1.226091e-15
1.240940e+03 9.184391e-16
1.433010e+03 6.854089e-16
1.654820e+03 5.093259e-16
1.910950e+03 3.709967e-16
2.206730e+03 2.765718e-16
2.548300e+03 2.053197e-16
2.942730e+03 1.517021e-16
3.398210e+03 1.097110e-16
3.924190e+03 8.126211e-17
4.531580e+03 5.990513e-17
5.232990e+03 4.392424e-17
6.042960e+03 3.146173e-17
6.978310e+03 2.310400e-17
8.058420e+03 1.687373e-17
9.305720e+03 1.224726e-17
1.074610e+04 8.659915e-18
1.240940e+04 6.287442e-18
1.433010e+04 4.535657e-18
1.654820e+04 3.248089e-18
1.910950e+04 2.257463e-18
2.206730e+04 1.614534e-18
2.548300e+04 1.145876e-18
2.942730e+04 8.061719e-19
3.398210e+04 5.475160e-19
3.924190e+04 3.839015e-19
4.531580e+04 2.666759e-19
5.232990e+04 1.832827e-19
6.042960e+04 1.206777e-19
6.978310e+04 8.243113e-20
8.058420e+04 5.566166e-20
9.305720e+04 3.709375e-20
1.074610e+05 2.341870e-20
1.240940e+05 1.545297e-20
1.433010e+05 1.005128e-20
1.654820e+05 6.430517e-21
1.910950e+05 3.833047e-21
2.206730e+05 2.415839e-21
2.548300e+05 1.495292e-21
2.942730e+05 9.063006e-22
3.398210e+05 4.987899e-22
3.924190e+05 2.957523e-22
4.531580e+05 1.713808e-22
5.232990e+05 9.668826e-23
6.042960e+05 4.755396e-23
6.978310e+05 2.598929e-23
8.058420e+05 1.379730e-23
9.305720e+05 7.078954e-24
1.074610e+06 2.962426e-24
1.240940e+06 1.451307e-24
1.433010e+06 6.856297e-25
1.654820e+06 3.102043e-25
1.910950e+06 1.022848e-25
2.206730e+06 4.316234e-26
2.548300e+06 1.741992e-26
2.942730e+06 6.670789e-27
3.398210e+06 1.519348e-27
3.924190e+06 5.177679e-28
4.531580e+06 1.673149e-28
5.232990e+06 5.138756e-29
6.042960e+06 6.427270e-30
6.978310e+06 1.573060e-30
8.058420e+06 3.562883e-31
9.305720e+06 7.835920e-32
1.074610e+07 4.071571e-33
1.240940e+07 5.810881e-34
1.433010e+07 7.007732e-35
1.654820e+07 8.191359e-36
1.910950e+07 1.304105e-37
2.206730e+07 7.585645e-39
2.548300e+07 3.017466e-40
2.942730e+07 9.435192e-42
3.398210e+07 2.737547e-44
3.924190e+07 3.564749e-46
4.531580e+07 2.146332e-48
5.232990e+07 5.765845e-51
6.042960e+07 1.046815e-54
6.978310e+07 6.071279e-58
8.058420e+07 7.941846e-62
9.305720e+07 0.000000e+00
