Ev [GeV]   dN_dEv [s^-1 GeV^-1]
3.398210e-02 3.453514e-07
3.924190e-02 3.321622e-07
4.531580e-02 3.146482e-07
5.232990e-02 2.943346e-07
6.042960e-02 2.691481e-07
6.978310e-02 2.401281e-07
8.058420e-02 2.076174e-07
9.305720e-02 1.728228e-07
1.074610e-01 1.371428e-07
1.240940e-01 1.076621e-07
1.433010e-01 8.309812e-08
1.654820e-01 6.322524e-08
1.910950e-01 4.677797e-08
2.206730e-01 3.513352e-08
2.548300e-01 2.619683e-08
2.942730e-01 1.939288e-08
3.398210e-01 1.415338e-08
3.924190e-01 1.052418e-08
4.531580e-01 7.807783e-09
5.232990e-01 5.780932e-09
6.042960e-01 4.248739e-09
6.978310e-01 3.181820e-09
8.058420e-01 2.381276e-09
9.305720e-01 1.779603e-09
1.074610e+00 1.315599e-09
1.240940e+00 9.915152e-10
1.433010e+00 7.456760e-10
1.654820e+00 5.593859e-10
1.910950e+00 4.143088e-10
2.206730e+00 3.129136e-10
2.548300e+00 2.357195e-10
2.942730e+00 1.770491e-10
3.398210e+00 1.312648e-10
3.924190e+00 9.911980e-11
4.531580e+00 7.460161e-11
5.232990e+00 5.594628e-11
6.042960e+00 4.143966e-11
6.978310e+00 3.124776e-11
8.058420e+00 2.350311e-11
9.305720e+00 1.763229e-11
1.074610e+01 1.308119e-11
1.240940e+01 9.883512e-12
1.433010e+01 7.449268e-12
1.654820e+01 5.598286e-12
1.910950e+01 4.149770e-12
2.206730e+01 3.134927e-12
2.548300e+01 2.361204e-12
2.942730e+01 1.772894e-12
3.398210e+01 1.311402e-12
3.924190e+01 9.903800e-13
4.531580e+01 7.461606e-13
5.232990e+01 5.606561e-13
6.042960e+01 4.148920e-13
6.978310e+01 3.137127e-13
8.058420e+01 2.366428e-13
9.305720e+01 1.779994e-13
1.074610e+02 1.317353e-13
1.240940e+02 9.961559e-14
1.433010e+02 7.511671e-14
1.654820e+02 5.645962e-14
1.910950e+02 4.172123e-14
2.206730e+02 3.150693e-14
2.548300e+02 2.372205e-14
2.942730e+02 1.779994e-14
3.398210e+02 1.312448e-14
3.924190e+02 9.892313e-15
4.531580e+02 7.432436e-15
5.232990e+02 5.564095e-15
6.042960e+02 4.090607e-15
6.978310e+02 3.075129e-15
8.058420e+02 2.303823e-15
9.305720e+02 1.719279e-15
1.074610e+03 1.259004e-15
1.240940e+03 9.430941e-16
1.433010e+03 7.038083e-16
1.654820e+03 5.229985e-16
1.910950e+03 3.809559e-16
2.206730e+03 2.839962e-16
2.548300e+03 2.108313e-16
2.942730e+03 1.557745e-16
3.398210e+03 1.126562e-16
3.924190e+03 8.344354e-17
4.531580e+03 6.151325e-17
5.232990e+03 4.510337e-17
6.042960e+03 3.230630e-17
6.978310e+03 2.372421e-17
8.058420e+03 1.732669e-17
9.305720e+03 1.257603e-17
1.074610e+04 8.892385e-18
1.240940e+04 6.456225e-18
1.433010e+04 4.657414e-18
1.654820e+04 3.335282e-18
1.910950e+04 2.318064e-18
2.206730e+04 1.657875e-18
2.548300e+04 1.176636e-18
2.942730e+04 8.278131e-19
3.398210e+04 5.622138e-19
3.924190e+04 3.942072e-19
4.531580e+04 2.738347e-19
5.232990e+04 1.882028e-19
6.042960e+04 1.239173e-19
6.978310e+04 8.464395e-20
8.058420e+04 5.715587e-20
9.305720e+04 3.808951e-20
1.074610e+05 2.404736e-20
1.240940e+05 1.586780e-20
1.433010e+05 1.032110e-20
1.654820e+05 6.603141e-21
1.910950e+05 3.935943e-21
2.206730e+05 2.480691e-21
2.548300e+05 1.535432e-21
2.942730e+05 9.306297e-22
3.398210e+05 5.121796e-22
3.924190e+05 3.036916e-22
4.531580e+05 1.759814e-22
5.232990e+05 9.928380e-23
6.042960e+05 4.883052e-23
6.978310e+05 2.668696e-23
8.058420e+05 1.416768e-23
9.305720e+05 7.268985e-24
1.074610e+06 3.041951e-24
1.240940e+06 1.490267e-24
1.433010e+06 7.040351e-25
1.654820e+06 3.185316e-25
1.910950e+06 1.050306e-25
2.206730e+06 4.432100e-26
2.548300e+06 1.788755e-26
2.942730e+06 6.849863e-27
3.398210e+06 1.560134e-27
3.924190e+06 5.316671e-28
4.531580e+06 1.718064e-28
5.232990e+06 5.276703e-29
6.042960e+06 6.599806e-30
6.978310e+06 1.615288e-30
8.058420e+06 3.658526e-31
9.305720e+06 8.046271e-32
1.074610e+07 4.180870e-33
1.240940e+07 5.966871e-34
1.433010e+07 7.195851e-35
1.654820e+07 8.411252e-36
1.910950e+07 1.339113e-37
2.206730e+07 7.789277e-39
2.548300e+07 3.098468e-40
2.942730e+07 9.688475e-42
3.398210e+07 2.811035e-44
3.924190e+07 3.660443e-46
4.531580e+07 2.203949e-48
5.232990e+07 5.920626e-51
6.042960e+07 1.074916e-54
6.978310e+07 6.234259e-58
8.058420e+07 8.155040e-62
9.305720e+07 0.000000e+00
