Ev [GeV]   dN_dEv [s^-1 GeV^-1]
3.398210e-02 2.517934e-06
3.924190e-02 2.421772e-06
4.531580e-02 2.294079e-06
5.232990e-02 2.145974e-06
6.042960e-02 1.962341e-06
6.978310e-02 1.750758e-06
8.058420e-02 1.513725e-06
9.305720e-02 1.260040e-06
1.074610e-01 9.998987e-07
1.240940e-01 7.849569e-07
1.433010e-01 6.058628e-07
1.654820e-01 4.609710e-07
1.910950e-01 3.410550e-07
2.206730e-01 2.561561e-07
2.548300e-01 1.909994e-07
2.942730e-01 1.413922e-07
3.398210e-01 1.031913e-07
3.924190e-01 7.673111e-08
4.531580e-01 5.692603e-08
5.232990e-01 4.214839e-08
6.042960e-01 3.097728e-08
6.978310e-01 2.319844e-08
8.058420e-01 1.736173e-08
9.305720e-01 1.297497e-08
1.074610e+00 9.591942e-09
1.240940e+00 7.229071e-09
1.433010e+00 5.436674e-09
1.654820e+00 4.078445e-09
1.910950e+00 3.020698e-09
2.206730e+00 2.281432e-09
2.548300e+00 1.718615e-09
2.942730e+00 1.290853e-09
3.398210e+00 9.570428e-10
3.924190e+00 7.226758e-10
4.531580e+00 5.439154e-10
5.232990e+00 4.079006e-10
6.042960e+00 3.021338e-10
6.978310e+00 2.278253e-10
8.058420e+00 1.713596e-10
9.305720e+00 1.285559e-10
1.074610e+01 9.537410e-11
1.240940e+01 7.206002e-11
1.433010e+01 5.431212e-11
1.654820e+01 4.081673e-11
1.910950e+01 3.025570e-11
2.206730e+01 2.285654e-11
2.548300e+01 1.721538e-11
2.942730e+01 1.292605e-11
3.398210e+01 9.561345e-12
3.924190e+01 7.220794e-12
4.531580e+01 5.440207e-12
5.232990e+01 4.087706e-12
6.042960e+01 3.024950e-12
6.978310e+01 2.287258e-12
8.058420e+01 1.725347e-12
9.305720e+01 1.297782e-12
1.074610e+02 9.604736e-13
1.240940e+02 7.262906e-13
1.433010e+02 5.476709e-13
1.654820e+02 4.116433e-13
1.910950e+02 3.041867e-13
2.206730e+02 2.297149e-13
2.548300e+02 1.729559e-13
2.942730e+02 1.297782e-13
3.398210e+02 9.568972e-14
3.924190e+02 7.212419e-14
4.531580e+02 5.418939e-14
5.232990e+02 4.056745e-14
6.042960e+02 2.982434e-14
6.978310e+02 2.242056e-14
8.058420e+02 1.679702e-14
9.305720e+02 1.253515e-14
1.074610e+03 9.179316e-15
1.240940e+03 6.876036e-15
1.433010e+03 5.131419e-15
1.654820e+03 3.813147e-15
1.910950e+03 2.777524e-15
2.206730e+03 2.070597e-15
2.548300e+03 1.537157e-15
2.942730e+03 1.135741e-15
3.398210e+03 8.213686e-16
3.924190e+03 6.083813e-16
4.531580e+03 4.484890e-16
5.232990e+03 3.288456e-16
6.042960e+03 2.355431e-16
6.978310e+03 1.729717e-16
8.058420e+03 1.263278e-16
9.305720e+03 9.169101e-17
1.074610e+04 6.483379e-17
1.240940e+04 4.707191e-17
1.433010e+04 3.395690e-17
1.654820e+04 2.431732e-17
1.910950e+04 1.690085e-17
2.206730e+04 1.208746e-17
2.548300e+04 8.578777e-18
2.942730e+04 6.035530e-18
3.398210e+04 4.099063e-18
3.924190e+04 2.874138e-18
4.531580e+04 1.996510e-18
5.232990e+04 1.372174e-18
6.042960e+04 9.034725e-19
6.978310e+04 6.171334e-19
8.058420e+04 4.167196e-19
9.305720e+04 2.777081e-19
1.074610e+05 1.753277e-19
1.240940e+05 1.156910e-19
1.433010e+05 7.525045e-20
1.654820e+05 4.814306e-20
1.910950e+05 2.869670e-20
2.206730e+05 1.808655e-20
2.548300e+05 1.119473e-20
2.942730e+05 6.785159e-21
3.398210e+05 3.734267e-21
3.924190e+05 2.214195e-21
4.531580e+05 1.283069e-21
5.232990e+05 7.238716e-22
6.042960e+05 3.560200e-22
6.978310e+05 1.945728e-22
8.058420e+05 1.032956e-22
9.305720e+05 5.299768e-23
1.074610e+06 2.217866e-23
1.240940e+06 1.086543e-23
1.433010e+06 5.133073e-24
1.654820e+06 2.322393e-24
1.910950e+06 7.657709e-25
2.206730e+06 3.231415e-25
2.548300e+06 1.304169e-25
2.942730e+06 4.994189e-26
3.398210e+06 1.137483e-26
3.924190e+06 3.876349e-27
4.531580e+06 1.252629e-27
5.232990e+06 3.847209e-28
6.042960e+06 4.811875e-29
6.978310e+06 1.177696e-29
8.058420e+06 2.667407e-30
9.305720e+06 5.866483e-31
1.074610e+07 3.048244e-32
1.240940e+07 4.350406e-33
1.433010e+07 5.246447e-34
1.654820e+07 6.132587e-35
1.910950e+07 9.763381e-37
2.206730e+07 5.679110e-38
2.548300e+07 2.259072e-39
2.942730e+07 7.063802e-41
3.398210e+07 2.049507e-43
3.924190e+07 2.668804e-45
4.531580e+07 1.606884e-47
5.232990e+07 4.316689e-50
6.042960e+07 7.837139e-54
6.978310e+07 4.545357e-57
8.058420e+07 5.945786e-61
9.305720e+07 0.000000e+00
