Ev [GeV]   dN_dEv [s^-1 GeV^-1]
3.398210e-02 4.080239e-07
3.924190e-02 3.924412e-07
4.531580e-02 3.717488e-07
5.232990e-02 3.477488e-07
6.042960e-02 3.179916e-07
6.978310e-02 2.837052e-07
8.058420e-02 2.452947e-07
9.305720e-02 2.041858e-07
1.074610e-01 1.620307e-07
1.240940e-01 1.272000e-07
1.433010e-01 9.817831e-08
1.654820e-01 7.469901e-08
1.910950e-01 5.526697e-08
2.206730e-01 4.150936e-08
2.548300e-01 3.095089e-08
2.942730e-01 2.291219e-08
3.398210e-01 1.672185e-08
3.924190e-01 1.243405e-08
4.531580e-01 9.224696e-09
5.232990e-01 6.830023e-09
6.042960e-01 5.019777e-09
6.978310e-01 3.759239e-09
8.058420e-01 2.813417e-09
9.305720e-01 2.102555e-09
1.074610e+00 1.554346e-09
1.240940e+00 1.171450e-09
1.433010e+00 8.809971e-10
1.654820e+00 6.609002e-10
1.910950e+00 4.894953e-10
2.206730e+00 3.696995e-10
2.548300e+00 2.784966e-10
2.942730e+00 2.091790e-10
3.398210e+00 1.550860e-10
3.924190e+00 1.171075e-10
4.531580e+00 8.813990e-11
5.232990e+00 6.609911e-11
6.042960e+00 4.895990e-11
6.978310e+00 3.691843e-11
8.058420e+00 2.776833e-11
9.305720e+00 2.083211e-11
1.074610e+01 1.545509e-11
1.240940e+01 1.167712e-11
1.433010e+01 8.801120e-12
1.654820e+01 6.614232e-12
1.910950e+01 4.902847e-12
2.206730e+01 3.703836e-12
2.548300e+01 2.789703e-12
2.942730e+01 2.094629e-12
3.398210e+01 1.549388e-12
3.924190e+01 1.170109e-12
4.531580e+01 8.815697e-13
5.232990e+01 6.624008e-13
6.042960e+01 4.901843e-13
6.978310e+01 3.706436e-13
8.058420e+01 2.795874e-13
9.305720e+01 2.103018e-13
1.074610e+02 1.556419e-13
1.240940e+02 1.176933e-13
1.433010e+02 8.874847e-14
1.654820e+02 6.670560e-14
1.910950e+02 4.929257e-14
2.206730e+02 3.722463e-14
2.548300e+02 2.802700e-14
2.942730e+02 2.103018e-14
3.398210e+02 1.550624e-14
3.924190e+02 1.168751e-14
4.531580e+02 8.781233e-15
5.232990e+02 6.573836e-15
6.042960e+02 4.832948e-15
6.978310e+02 3.633187e-15
8.058420e+02 2.721908e-15
9.305720e+02 2.031284e-15
1.074610e+03 1.487481e-15
1.240940e+03 1.114242e-15
1.433010e+03 8.315315e-16
1.654820e+03 6.179094e-16
1.910950e+03 4.500896e-16
2.206730e+03 3.355343e-16
2.548300e+03 2.490919e-16
2.942730e+03 1.840436e-16
3.398210e+03 1.331004e-16
3.924190e+03 9.858641e-17
4.531580e+03 7.267634e-17
5.232990e+03 5.328848e-17
6.042960e+03 3.816907e-17
6.978310e+03 2.802955e-17
8.058420e+03 2.047104e-17
9.305720e+03 1.485826e-17
1.074610e+04 1.050613e-17
1.240940e+04 7.627865e-18
1.433010e+04 5.502616e-18
1.654820e+04 3.940551e-18
1.910950e+04 2.738733e-18
2.206730e+04 1.958737e-18
2.548300e+04 1.390166e-18
2.942730e+04 9.780401e-19
3.398210e+04 6.642412e-19
3.924190e+04 4.657457e-19
4.531580e+04 3.235287e-19
5.232990e+04 2.223568e-19
6.042960e+04 1.464051e-19
6.978310e+04 1.000047e-19
8.058420e+04 6.752820e-20
9.305720e+04 4.500179e-20
1.074610e+05 2.841134e-20
1.240940e+05 1.874740e-20
1.433010e+05 1.219412e-20
1.654820e+05 7.801442e-21
1.910950e+05 4.650217e-21
2.206730e+05 2.930873e-21
2.548300e+05 1.814074e-21
2.942730e+05 1.099515e-21
3.398210e+05 6.051272e-22
3.924190e+05 3.588038e-22
4.531580e+05 2.079176e-22
5.232990e+05 1.173013e-22
6.042960e+05 5.769201e-23
6.978310e+05 3.152996e-23
8.058420e+05 1.673876e-23
9.305720e+05 8.588120e-24
1.074610e+06 3.593987e-24
1.240940e+06 1.760712e-24
1.433010e+06 8.317995e-25
1.654820e+06 3.763370e-25
1.910950e+06 1.240909e-25
2.206730e+06 5.236414e-26
2.548300e+06 2.113368e-26
2.942730e+06 8.092938e-27
3.398210e+06 1.843258e-27
3.924190e+06 6.281511e-28
4.531580e+06 2.029849e-28
5.232990e+06 6.234290e-29
6.042960e+06 7.797503e-30
6.978310e+06 1.908422e-30
8.058420e+06 4.322455e-31
9.305720e+06 9.506464e-32
1.074610e+07 4.939591e-33
1.240940e+07 7.049706e-34
1.433010e+07 8.501714e-35
1.654820e+07 9.937679e-36
1.910950e+07 1.582127e-37
2.206730e+07 9.202832e-39
2.548300e+07 3.660761e-40
2.942730e+07 1.144669e-41
3.398210e+07 3.321166e-44
3.924190e+07 4.324720e-46
4.531580e+07 2.603909e-48
5.232990e+07 6.995068e-51
6.042960e+07 1.269986e-54
6.978310e+07 7.365618e-58
8.058420e+07 9.634972e-62
9.305720e+07 0.000000e+00
