Ev [GeV]   dN_dEv [s^-1 GeV^-1]
3.398210e-02 2.960832e-07
3.924190e-02 2.847755e-07
4.531580e-02 2.697601e-07
5.232990e-02 2.523444e-07
6.042960e-02 2.307511e-07
6.978310e-02 2.058711e-07
8.058420e-02 1.779985e-07
9.305720e-02 1.481677e-07
1.074610e-01 1.175778e-07
1.240940e-01 9.230287e-08
1.433010e-01 7.124324e-08
1.654820e-01 5.420546e-08
1.910950e-01 4.010457e-08
2.206730e-01 3.012133e-08
2.548300e-01 2.245956e-08
2.942730e-01 1.662627e-08
3.398210e-01 1.213424e-08
3.924190e-01 9.022790e-09
4.531580e-01 6.693916e-09
5.232990e-01 4.956217e-09
6.042960e-01 3.642609e-09
6.978310e-01 2.727898e-09
8.058420e-01 2.041561e-09
9.305720e-01 1.525723e-09
1.074610e+00 1.127914e-09
1.240940e+00 8.500644e-10
1.433010e+00 6.392970e-10
1.654820e+00 4.795832e-10
1.910950e+00 3.552030e-10
2.206730e+00 2.682730e-10
2.548300e+00 2.020915e-10
2.942730e+00 1.517911e-10
3.398210e+00 1.125384e-10
3.924190e+00 8.497925e-11
4.531580e+00 6.395886e-11
5.232990e+00 4.796492e-11
6.042960e+00 3.552783e-11
6.978310e+00 2.678992e-11
8.058420e+00 2.015013e-11
9.305720e+00 1.511685e-11
1.074610e+01 1.121501e-11
1.240940e+01 8.473518e-12
1.433010e+01 6.386547e-12
1.654820e+01 4.799628e-12
1.910950e+01 3.557759e-12
2.206730e+01 2.687695e-12
2.548300e+01 2.024352e-12
2.942730e+01 1.519971e-12
3.398210e+01 1.124316e-12
3.924190e+01 8.490912e-13
4.531580e+01 6.397124e-13
5.232990e+01 4.806722e-13
6.042960e+01 3.557030e-13
6.978310e+01 2.689581e-13
8.058420e+01 2.028831e-13
9.305720e+01 1.526058e-13
1.074610e+02 1.129418e-13
1.240940e+02 8.540431e-14
1.433010e+02 6.440047e-14
1.654820e+02 4.840503e-14
1.910950e+02 3.576923e-14
2.206730e+02 2.701211e-14
2.548300e+02 2.033784e-14
2.942730e+02 1.526058e-14
3.398210e+02 1.125213e-14
3.924190e+02 8.481064e-15
4.531580e+02 6.372116e-15
5.232990e+02 4.770315e-15
6.042960e+02 3.507036e-15
6.978310e+02 2.636428e-15
8.058420e+02 1.975157e-15
9.305720e+02 1.474005e-15
1.074610e+03 1.079393e-15
1.240940e+03 8.085511e-16
1.433010e+03 6.034022e-16
1.654820e+03 4.483869e-16
1.910950e+03 3.266083e-16
2.206730e+03 2.434810e-16
2.548300e+03 1.807539e-16
2.942730e+03 1.335515e-16
3.398210e+03 9.658450e-17
3.924190e+03 7.153939e-17
4.531580e+03 5.273770e-17
5.232990e+03 3.866887e-17
6.042960e+03 2.769744e-17
6.978310e+03 2.033969e-17
8.058420e+03 1.485485e-17
9.305720e+03 1.078192e-17
1.074610e+04 7.623787e-18
1.240940e+04 5.535172e-18
1.433010e+04 3.992982e-18
1.654820e+04 2.859467e-18
1.910950e+04 1.987366e-18
2.206730e+04 1.421361e-18
2.548300e+04 1.008776e-18
2.942730e+04 7.097163e-19
3.398210e+04 4.820077e-19
3.924190e+04 3.379691e-19
4.531580e+04 2.347691e-19
5.232990e+04 1.613536e-19
6.042960e+04 1.062391e-19
6.978310e+04 7.256854e-20
8.058420e+04 4.900194e-20
9.305720e+04 3.265562e-20
1.074610e+05 2.061674e-20
1.240940e+05 1.360408e-20
1.433010e+05 8.848679e-21
1.654820e+05 5.661129e-21
1.910950e+05 3.374437e-21
2.206730e+05 2.126793e-21
2.548300e+05 1.316385e-21
2.942730e+05 7.978650e-22
3.398210e+05 4.391115e-22
3.924190e+05 2.603666e-22
4.531580e+05 1.508757e-22
5.232990e+05 8.511986e-23
6.042960e+05 4.186430e-23
6.978310e+05 2.287976e-23
8.058420e+05 1.214651e-23
9.305720e+05 6.231983e-24
1.074610e+06 2.607982e-24
1.240940e+06 1.277663e-24
1.433010e+06 6.035966e-25
1.654820e+06 2.730895e-25
1.910950e+06 9.004678e-26
2.206730e+06 3.799812e-26
2.548300e+06 1.533569e-26
2.942730e+06 5.872653e-27
3.398210e+06 1.337563e-27
3.924190e+06 4.558189e-28
4.531580e+06 1.472963e-28
5.232990e+06 4.523922e-29
6.042960e+06 5.658270e-30
6.978310e+06 1.384849e-30
8.058420e+06 3.136596e-31
9.305720e+06 6.898381e-32
1.074610e+07 3.584422e-33
1.240940e+07 5.115630e-34
1.433010e+07 6.169282e-35
1.654820e+07 7.211293e-36
1.910950e+07 1.148073e-37
2.206730e+07 6.678049e-39
2.548300e+07 2.656437e-40
2.942730e+07 8.306305e-42
3.398210e+07 2.410010e-44
3.924190e+07 3.138240e-46
4.531580e+07 1.889531e-48
5.232990e+07 5.075982e-51
6.042960e+07 9.215670e-55
6.978310e+07 5.344872e-58
8.058420e+07 6.991633e-62
9.305720e+07 0.000000e+00
