Ev [GeV]   dN_dEv [s^-1 GeV^-1]
3.398210e-02 2.021438e-06
3.924190e-02 1.944238e-06
4.531580e-02 1.841723e-06
5.232990e-02 1.722822e-06
6.042960e-02 1.575398e-06
6.978310e-02 1.405536e-06
8.058420e-02 1.215242e-06
9.305720e-02 1.011580e-06
1.074610e-01 8.027347e-07
1.240940e-01 6.301760e-07
1.433010e-01 4.863964e-07
1.654820e-01 3.700749e-07
1.910950e-01 2.738044e-07
2.206730e-01 2.056462e-07
2.548300e-01 1.533373e-07
2.942730e-01 1.135119e-07
3.398210e-01 8.284364e-08
3.924190e-01 6.160096e-08
4.531580e-01 4.570112e-08
5.232990e-01 3.383740e-08
6.042960e-01 2.486905e-08
6.978310e-01 1.862408e-08
8.058420e-01 1.393827e-08
9.305720e-01 1.041651e-08
1.074610e+00 7.700564e-09
1.240940e+00 5.803614e-09
1.433010e+00 4.364649e-09
1.654820e+00 3.274241e-09
1.910950e+00 2.425065e-09
2.206730e+00 1.831570e-09
2.548300e+00 1.379732e-09
2.942730e+00 1.036318e-09
3.398210e+00 7.683293e-10
3.924190e+00 5.801757e-10
4.531580e+00 4.366640e-10
5.232990e+00 3.274691e-10
6.042960e+00 2.425578e-10
6.978310e+00 1.829018e-10
8.058420e+00 1.375702e-10
9.305720e+00 1.032067e-10
1.074610e+01 7.656785e-11
1.240940e+01 5.785094e-11
1.433010e+01 4.360264e-11
1.654820e+01 3.276833e-11
1.910950e+01 2.428976e-11
2.206730e+01 1.834960e-11
2.548300e+01 1.382078e-11
2.942730e+01 1.037724e-11
3.398210e+01 7.676000e-12
3.924190e+01 5.796969e-12
4.531580e+01 4.367485e-12
5.232990e+01 3.281676e-12
6.042960e+01 2.428478e-12
6.978310e+01 1.836248e-12
8.058420e+01 1.385136e-12
9.305720e+01 1.041880e-12
1.074610e+02 7.710836e-13
1.240940e+02 5.830777e-13
1.433010e+02 4.396790e-13
1.654820e+02 3.304739e-13
1.910950e+02 2.442060e-13
2.206730e+02 1.844188e-13
2.548300e+02 1.388518e-13
2.942730e+02 1.041880e-13
3.398210e+02 7.682124e-14
3.924190e+02 5.790245e-14
4.531580e+02 4.350411e-14
5.232990e+02 3.256819e-14
6.042960e+02 2.394346e-14
6.978310e+02 1.799959e-14
8.058420e+02 1.348492e-14
9.305720e+02 1.006342e-14
1.074610e+03 7.369302e-15
1.240940e+03 5.520192e-15
1.433010e+03 4.119585e-15
1.654820e+03 3.061256e-15
1.910950e+03 2.229841e-15
2.206730e+03 1.662309e-15
2.548300e+03 1.234054e-15
2.942730e+03 9.117913e-16
3.398210e+03 6.594078e-16
3.924190e+03 4.884182e-16
4.531580e+03 3.600542e-16
5.232990e+03 2.640025e-16
6.042960e+03 1.890977e-16
6.978310e+03 1.388644e-16
8.058420e+03 1.014179e-16
9.305720e+03 7.361101e-17
1.074610e+04 5.204960e-17
1.240940e+04 3.779008e-17
1.433010e+04 2.726114e-17
1.654820e+04 1.952233e-17
1.910950e+04 1.356827e-17
2.206730e+04 9.704004e-18
2.548300e+04 6.887179e-18
2.942730e+04 4.845420e-18
3.398210e+04 3.290793e-18
3.924190e+04 2.307404e-18
4.531580e+04 1.602830e-18
5.232990e+04 1.101603e-18
6.042960e+04 7.253221e-19
6.978310e+04 4.954445e-19
8.058420e+04 3.345492e-19
9.305720e+04 2.229485e-19
1.074610e+05 1.407559e-19
1.240940e+05 9.287862e-20
1.433010e+05 6.041226e-20
1.654820e+05 3.865002e-20
1.910950e+05 2.303817e-20
2.206730e+05 1.452017e-20
2.548300e+05 8.987310e-21
2.942730e+05 5.447234e-21
3.398210e+05 2.997930e-21
3.924190e+05 1.777591e-21
4.531580e+05 1.030068e-21
5.232990e+05 5.811357e-22
6.042960e+05 2.858186e-22
6.978310e+05 1.562062e-22
8.058420e+05 8.292739e-23
9.305720e+05 4.254739e-23
1.074610e+06 1.780538e-23
1.240940e+06 8.722945e-24
1.433010e+06 4.120913e-24
1.654820e+06 1.864454e-24
1.910950e+06 6.147731e-25
2.206730e+06 2.594232e-25
2.548300e+06 1.047008e-25
2.942730e+06 4.009415e-26
3.398210e+06 9.131897e-27
3.924190e+06 3.111995e-27
4.531580e+06 1.005631e-27
5.232990e+06 3.088601e-28
6.042960e+06 3.863050e-29
6.978310e+06 9.454729e-30
8.058420e+06 2.141437e-30
9.305720e+06 4.709706e-31
1.074610e+07 2.447179e-32
1.240940e+07 3.492575e-33
1.433010e+07 4.211932e-34
1.654820e+07 4.923339e-35
1.910950e+07 7.838199e-37
2.206730e+07 4.559280e-38
2.548300e+07 1.813619e-39
2.942730e+07 5.670933e-41
3.398210e+07 1.645377e-43
3.924190e+07 2.142559e-45
4.531580e+07 1.290033e-47
5.232990e+07 3.465507e-50
6.042960e+07 6.291781e-54
6.978310e+07 3.649085e-57
8.058420e+07 4.773372e-61
9.305720e+07 0.000000e+00
