Ev [GeV]   dN_dEv [s^-1 GeV^-1]
3.398210e-02 1.127944e-06
3.924190e-02 1.084867e-06
4.531580e-02 1.027665e-06
5.232990e-02 9.613191e-07
6.042960e-02 8.790581e-07
6.978310e-02 7.842766e-07
8.058420e-02 6.780943e-07
9.305720e-02 5.644525e-07
1.074610e-01 4.479187e-07
1.240940e-01 3.516325e-07
1.433010e-01 2.714048e-07
1.654820e-01 2.064985e-07
1.910950e-01 1.527804e-07
2.206730e-01 1.147488e-07
2.548300e-01 8.556085e-08
2.942730e-01 6.333862e-08
3.398210e-01 4.622601e-08
3.924190e-01 3.437278e-08
4.531580e-01 2.550082e-08
5.232990e-01 1.888096e-08
6.042960e-01 1.387671e-08
6.978310e-01 1.039207e-08
8.058420e-01 7.777430e-09
9.305720e-01 5.812319e-09
1.074610e+00 4.296846e-09
1.240940e+00 3.238364e-09
1.433010e+00 2.435435e-09
1.654820e+00 1.826997e-09
1.910950e+00 1.353164e-09
2.206730e+00 1.022000e-09
2.548300e+00 7.698780e-10
2.942730e+00 5.782560e-10
3.398210e+00 4.287208e-10
3.924190e+00 3.237328e-10
4.531580e+00 2.436546e-10
5.232990e+00 1.827248e-10
6.042960e+00 1.353451e-10
6.978310e+00 1.020576e-10
8.058420e+00 7.676295e-11
9.305720e+00 5.758842e-11
1.074610e+01 4.272417e-11
1.240940e+01 3.228030e-11
1.433010e+01 2.432988e-11
1.654820e+01 1.828443e-11
1.910950e+01 1.355347e-11
2.206730e+01 1.023891e-11
2.548300e+01 7.711873e-12
2.942730e+01 5.790408e-12
3.398210e+01 4.283139e-12
3.924190e+01 3.234657e-12
4.531580e+01 2.437017e-12
5.232990e+01 1.831146e-12
6.042960e+01 1.355069e-12
6.978310e+01 1.024610e-12
8.058420e+01 7.728935e-13
9.305720e+01 5.813597e-13
1.074610e+02 4.302577e-13
1.240940e+02 3.253521e-13
1.433010e+02 2.453369e-13
1.654820e+02 1.844014e-13
1.910950e+02 1.362647e-13
2.206730e+02 1.029040e-13
2.548300e+02 7.747804e-14
2.942730e+02 5.813597e-14
3.398210e+02 4.286556e-14
3.924190e+02 3.230905e-14
4.531580e+02 2.427490e-14
5.232990e+02 1.817276e-14
6.042960e+02 1.336023e-14
6.978310e+02 1.004361e-14
8.058420e+02 7.524462e-15
9.305720e+02 5.615296e-15
1.074610e+03 4.112004e-15
1.240940e+03 3.080217e-15
1.433010e+03 2.298692e-15
1.654820e+03 1.708153e-15
1.910950e+03 1.244231e-15
2.206730e+03 9.275533e-16
2.548300e+03 6.885913e-16
2.942730e+03 5.087713e-16
3.398210e+03 3.679436e-16
3.924190e+03 2.725330e-16
4.531580e+03 2.009070e-16
5.232990e+03 1.473110e-16
6.042960e+03 1.055148e-16
6.978310e+03 7.748509e-17
8.058420e+03 5.659030e-17
9.305720e+03 4.107428e-17
1.074610e+04 2.904321e-17
1.240940e+04 2.108652e-17
1.433010e+04 1.521147e-17
1.654820e+04 1.089329e-17
1.910950e+04 7.570973e-18
2.206730e+04 5.414747e-18
2.548300e+04 3.842984e-18
2.942730e+04 2.703701e-18
3.398210e+04 1.836233e-18
3.924190e+04 1.287511e-18
4.531580e+04 8.943650e-19
5.232990e+04 6.146847e-19
6.042960e+04 4.047232e-19
6.978310e+04 2.764536e-19
8.058420e+04 1.866754e-19
9.305720e+04 1.244033e-19
1.074610e+05 7.854052e-20
1.240940e+05 5.182543e-20
1.433010e+05 3.370950e-20
1.654820e+05 2.156636e-20
1.910950e+05 1.285509e-20
2.206730e+05 8.102127e-21
2.548300e+05 5.014838e-21
2.942730e+05 3.039508e-21
3.398210e+05 1.672818e-21
3.924190e+05 9.918799e-22
4.531580e+05 5.747688e-22
5.232990e+05 3.242685e-22
6.042960e+05 1.594842e-22
6.978310e+05 8.716163e-23
8.058420e+05 4.627274e-23
9.305720e+05 2.374106e-23
1.074610e+06 9.935243e-24
1.240940e+06 4.867325e-24
1.433010e+06 2.299432e-24
1.654820e+06 1.040349e-24
1.910950e+06 3.430379e-25
2.206730e+06 1.447558e-25
2.548300e+06 5.842209e-26
2.942730e+06 2.237217e-26
3.398210e+06 5.095516e-27
3.924190e+06 1.736465e-27
4.531580e+06 5.611328e-28
5.232990e+06 1.723411e-28
6.042960e+06 2.155547e-29
6.978310e+06 5.275654e-30
8.058420e+06 1.194903e-30
9.305720e+06 2.627974e-31
1.074610e+07 1.365504e-32
1.240940e+07 1.948826e-33
1.433010e+07 2.350220e-34
1.654820e+07 2.747179e-35
1.910950e+07 4.373644e-37
2.206730e+07 2.544037e-38
2.548300e+07 1.011983e-39
2.942730e+07 3.164330e-41
3.398210e+07 9.181055e-44
3.924190e+07 1.195529e-45
4.531580e+07 7.198266e-48
5.232990e+07 1.933722e-50
6.042960e+07 3.510757e-54
6.978310e+07 2.036157e-57
8.058420e+07 2.663498e-61
9.305720e+07 0.000000e+00
