Ev [GeV]   dN_dEv [s^-1 GeV^-1]
3.398210e-02 2.664748e-06
3.924190e-02 2.562980e-06
4.531580e-02 2.427841e-06
5.232990e-02 2.271100e-06
6.042960e-02 2.076760e-06
6.978310e-02 1.852840e-06
8.058420e-02 1.601986e-06
9.305720e-02 1.333509e-06
1.074610e-01 1.058200e-06
1.240940e-01 8.307258e-07
1.433010e-01 6.411892e-07
1.654820e-01 4.878491e-07
1.910950e-01 3.609411e-07
2.206730e-01 2.710920e-07
2.548300e-01 2.021361e-07
2.942730e-01 1.496364e-07
3.398210e-01 1.092081e-07
3.924190e-01 8.120511e-08
4.531580e-01 6.024524e-08
5.232990e-01 4.460596e-08
6.042960e-01 3.278348e-08
6.978310e-01 2.455108e-08
8.058420e-01 1.837404e-08
9.305720e-01 1.373150e-08
1.074610e+00 1.015122e-08
1.240940e+00 7.650580e-09
1.433010e+00 5.753673e-09
1.654820e+00 4.316249e-09
1.910950e+00 3.196827e-09
2.206730e+00 2.414457e-09
2.548300e+00 1.818823e-09
2.942730e+00 1.366120e-09
3.398210e+00 1.012846e-09
3.924190e+00 7.648132e-10
4.531580e+00 5.756297e-10
5.232990e+00 4.316843e-10
6.042960e+00 3.197504e-10
6.978310e+00 2.411093e-10
8.058420e+00 1.813512e-10
9.305720e+00 1.360516e-10
1.074610e+01 1.009351e-10
1.240940e+01 7.626166e-11
1.433010e+01 5.747892e-11
1.654820e+01 4.319665e-11
1.910950e+01 3.201983e-11
2.206730e+01 2.418925e-11
2.548300e+01 1.821917e-11
2.942730e+01 1.367974e-11
3.398210e+01 1.011884e-11
3.924190e+01 7.641821e-12
4.531580e+01 5.757412e-12
5.232990e+01 4.326050e-12
6.042960e+01 3.201327e-12
6.978310e+01 2.420623e-12
8.058420e+01 1.825948e-12
9.305720e+01 1.373452e-12
1.074610e+02 1.016476e-12
1.240940e+02 7.686388e-13
1.433010e+02 5.796042e-13
1.654820e+02 4.356452e-13
1.910950e+02 3.219231e-13
2.206730e+02 2.431090e-13
2.548300e+02 1.830405e-13
2.942730e+02 1.373452e-13
3.398210e+02 1.012691e-13
3.924190e+02 7.632957e-14
4.531580e+02 5.734904e-14
5.232990e+02 4.293283e-14
6.042960e+02 3.156332e-14
6.978310e+02 2.372785e-14
8.058420e+02 1.777641e-14
9.305720e+02 1.326604e-14
1.074610e+03 9.714539e-15
1.240940e+03 7.276960e-15
1.433010e+03 5.430619e-15
1.654820e+03 4.035482e-15
1.910950e+03 2.939474e-15
2.206730e+03 2.191329e-15
2.548300e+03 1.626785e-15
2.942730e+03 1.201964e-15
3.398210e+03 8.692605e-16
3.924190e+03 6.438545e-16
4.531580e+03 4.746393e-16
5.232990e+03 3.480198e-16
6.042960e+03 2.492770e-16
6.978310e+03 1.830572e-16
8.058420e+03 1.336936e-16
9.305720e+03 9.703728e-17
1.074610e+04 6.861408e-17
1.240940e+04 4.981655e-17
1.433010e+04 3.593684e-17
1.654820e+04 2.573520e-17
1.910950e+04 1.788629e-17
2.206730e+04 1.279225e-17
2.548300e+04 9.078984e-18
2.942730e+04 6.387447e-18
3.398210e+04 4.338069e-18
3.924190e+04 3.041722e-18
4.531580e+04 2.112922e-18
5.232990e+04 1.452182e-18
6.042960e+04 9.561517e-19
6.978310e+04 6.531169e-19
8.058420e+04 4.410175e-19
9.305720e+04 2.939006e-19
1.074610e+05 1.855506e-19
1.240940e+05 1.224367e-19
1.433010e+05 7.963811e-20
1.654820e+05 5.095016e-20
1.910950e+05 3.036993e-20
2.206730e+05 1.914114e-20
2.548300e+05 1.184747e-20
2.942730e+05 7.180785e-21
3.398210e+05 3.952003e-21
3.924190e+05 2.343299e-21
4.531580e+05 1.357881e-21
5.232990e+05 7.660787e-22
6.042960e+05 3.767787e-22
6.978310e+05 2.059179e-22
8.058420e+05 1.093186e-22
9.305720e+05 5.608785e-23
1.074610e+06 2.347184e-23
1.240940e+06 1.149897e-23
1.433010e+06 5.432369e-24
1.654820e+06 2.457806e-24
1.910950e+06 8.104211e-25
2.206730e+06 3.419831e-25
2.548300e+06 1.380212e-25
2.942730e+06 5.285388e-26
3.398210e+06 1.203807e-26
3.924190e+06 4.102370e-27
4.531580e+06 1.325667e-27
5.232990e+06 4.071530e-28
6.042960e+06 5.092443e-29
6.978310e+06 1.246364e-29
8.058420e+06 2.822937e-30
9.305720e+06 6.208543e-31
1.074610e+07 3.225980e-32
1.240940e+07 4.604067e-33
1.433010e+07 5.552354e-34
1.654820e+07 6.490163e-35
1.910950e+07 1.033266e-36
2.206730e+07 6.010245e-38
2.548300e+07 2.390793e-39
2.942730e+07 7.475675e-41
3.398210e+07 2.169009e-43
3.924190e+07 2.824416e-45
4.531580e+07 1.700578e-47
5.232990e+07 4.568384e-50
6.042960e+07 8.294103e-54
6.978310e+07 4.810385e-57
8.058420e+07 6.292469e-61
9.305720e+07 0.000000e+00
