Ev [GeV]   dN_dEv [s^-1 GeV^-1]
3.398210e-02 4.742680e-07
3.924190e-02 4.561554e-07
4.531580e-02 4.321035e-07
5.232990e-02 4.042070e-07
6.042960e-02 3.696186e-07
6.978310e-02 3.297657e-07
8.058420e-02 2.851191e-07
9.305720e-02 2.373360e-07
1.074610e-01 1.883369e-07
1.240940e-01 1.478513e-07
1.433010e-01 1.141179e-07
1.654820e-01 8.682666e-08
1.910950e-01 6.423976e-08
2.206730e-01 4.824855e-08
2.548300e-01 3.597587e-08
2.942730e-01 2.663206e-08
3.398210e-01 1.943670e-08
3.924190e-01 1.445276e-08
4.531580e-01 1.072236e-08
5.232990e-01 7.938902e-09
6.042960e-01 5.834756e-09
6.978310e-01 4.369565e-09
8.058420e-01 3.270185e-09
9.305720e-01 2.443913e-09
1.074610e+00 1.806700e-09
1.240940e+00 1.361639e-09
1.433010e+00 1.024030e-09
1.654820e+00 7.681996e-10
1.910950e+00 5.689666e-10
2.206730e+00 4.297215e-10
2.548300e+00 3.237115e-10
2.942730e+00 2.431400e-10
3.398210e+00 1.802648e-10
3.924190e+00 1.361203e-10
4.531580e+00 1.024497e-10
5.232990e+00 7.683053e-11
6.042960e+00 5.690871e-11
6.978310e+00 4.291227e-11
8.058420e+00 3.227661e-11
9.305720e+00 2.421427e-11
1.074610e+01 1.796428e-11
1.240940e+01 1.357294e-11
1.433010e+01 1.023001e-11
1.654820e+01 7.688076e-12
1.910950e+01 5.698842e-12
2.206730e+01 4.305167e-12
2.548300e+01 3.242621e-12
2.942730e+01 2.434700e-12
3.398210e+01 1.800937e-12
3.924190e+01 1.360080e-12
4.531580e+01 1.024696e-12
5.232990e+01 7.699440e-13
6.042960e+01 5.697674e-13
6.978310e+01 4.308189e-13
8.058420e+01 3.249794e-13
9.305720e+01 2.444450e-13
1.074610e+02 1.809110e-13
1.240940e+02 1.368012e-13
1.433010e+02 1.031571e-13
1.654820e+02 7.753549e-14
1.910950e+02 5.729539e-14
2.206730e+02 4.326818e-14
2.548300e+02 3.257728e-14
2.942730e+02 2.444450e-14
3.398210e+02 1.802373e-14
3.924190e+02 1.358502e-14
4.531580e+02 1.020690e-14
5.232990e+02 7.641122e-15
6.042960e+02 5.617594e-15
6.978310e+02 4.223048e-15
8.058420e+02 3.163819e-15
9.305720e+02 2.361070e-15
1.074610e+03 1.728979e-15
1.240940e+03 1.295143e-15
1.433010e+03 9.665336e-16
1.654820e+03 7.182292e-16
1.910950e+03 5.231633e-16
2.206730e+03 3.900094e-16
2.548300e+03 2.895328e-16
2.942730e+03 2.139237e-16
3.398210e+03 1.547097e-16
3.924190e+03 1.145923e-16
4.531580e+03 8.447560e-17
5.232990e+03 6.194005e-17
6.042960e+03 4.436595e-17
6.978310e+03 3.258025e-17
8.058420e+03 2.379459e-17
9.305720e+03 1.727055e-17
1.074610e+04 1.221183e-17
1.240940e+04 8.866276e-18
1.433010e+04 6.395985e-18
1.654820e+04 4.580313e-18
1.910950e+04 3.183376e-18
2.206730e+04 2.276745e-18
2.548300e+04 1.615864e-18
2.942730e+04 1.136828e-18
3.398210e+04 7.720831e-19
3.924190e+04 5.413611e-19
4.531580e+04 3.760547e-19
5.232990e+04 2.584572e-19
6.042960e+04 1.701745e-19
6.978310e+04 1.162408e-19
8.058420e+04 7.849164e-20
9.305720e+04 5.230799e-20
1.074610e+05 3.302403e-20
1.240940e+05 2.179110e-20
1.433010e+05 1.417387e-20
1.654820e+05 9.068034e-21
1.910950e+05 5.405196e-21
2.206730e+05 3.406711e-21
2.548300e+05 2.108595e-21
2.942730e+05 1.278025e-21
3.398210e+05 7.033717e-22
3.924190e+05 4.170569e-22
4.531580e+05 2.416737e-22
5.232990e+05 1.363456e-22
6.042960e+05 6.705851e-23
6.978310e+05 3.664896e-23
8.058420e+05 1.945635e-23
9.305720e+05 9.982432e-24
1.074610e+06 4.177483e-24
1.240940e+06 2.046570e-24
1.433010e+06 9.668450e-25
1.654820e+06 4.374366e-25
1.910950e+06 1.442375e-25
2.206730e+06 6.086564e-26
2.548300e+06 2.456481e-26
2.942730e+06 9.406855e-27
3.398210e+06 2.142518e-27
3.924190e+06 7.301337e-28
4.531580e+06 2.359402e-28
5.232990e+06 7.246448e-29
6.042960e+06 9.063455e-30
6.978310e+06 2.218260e-30
8.058420e+06 5.024221e-31
9.305720e+06 1.104987e-31
1.074610e+07 5.741551e-33
1.240940e+07 8.194250e-34
1.433010e+07 9.881998e-35
1.654820e+07 1.155110e-35
1.910950e+07 1.838991e-37
2.206730e+07 1.069694e-38
2.548300e+07 4.255098e-40
2.942730e+07 1.330510e-41
3.398210e+07 3.860369e-44
3.924190e+07 5.026853e-46
4.531580e+07 3.026663e-48
5.232990e+07 8.130742e-51
6.042960e+07 1.476172e-54
6.978310e+07 8.561452e-58
8.058420e+07 1.119924e-61
9.305720e+07 0.000000e+00
