Ev [GeV]   dN_dEv [s^-1 GeV^-1]
3.398210e-02 4.459600e-07
3.924190e-02 4.289285e-07
4.531580e-02 4.063122e-07
5.232990e-02 3.800808e-07
6.042960e-02 3.475569e-07
6.978310e-02 3.100827e-07
8.058420e-02 2.681010e-07
9.305720e-02 2.231700e-07
1.074610e-01 1.770955e-07
1.240940e-01 1.390264e-07
1.433010e-01 1.073065e-07
1.654820e-01 8.164417e-08
1.910950e-01 6.040543e-08
2.206730e-01 4.536870e-08
2.548300e-01 3.382855e-08
2.942730e-01 2.504246e-08
3.398210e-01 1.827657e-08
3.924190e-01 1.359011e-08
4.531580e-01 1.008236e-08
5.232990e-01 7.465046e-09
6.042960e-01 5.486492e-09
6.978310e-01 4.108755e-09
8.058420e-01 3.074995e-09
9.305720e-01 2.298041e-09
1.074610e+00 1.698862e-09
1.240940e+00 1.280366e-09
1.433010e+00 9.629080e-10
1.654820e+00 7.223475e-10
1.910950e+00 5.350062e-10
2.206730e+00 4.040723e-10
2.548300e+00 3.043899e-10
2.942730e+00 2.286275e-10
3.398210e+00 1.695052e-10
3.924190e+00 1.279956e-10
4.531580e+00 9.633473e-11
5.232990e+00 7.224468e-11
6.042960e+00 5.351195e-11
6.978310e+00 4.035093e-11
8.058420e+00 3.035009e-11
9.305720e+00 2.276897e-11
1.074610e+01 1.689204e-11
1.240940e+01 1.276280e-11
1.433010e+01 9.619406e-12
1.654820e+01 7.229192e-12
1.910950e+01 5.358690e-12
2.206730e+01 4.048201e-12
2.548300e+01 3.049076e-12
2.942730e+01 2.289378e-12
3.398210e+01 1.693443e-12
3.924190e+01 1.278900e-12
4.531580e+01 9.635338e-13
5.232990e+01 7.239877e-13
6.042960e+01 5.357592e-13
6.978310e+01 4.051042e-13
8.058420e+01 3.055821e-13
9.305720e+01 2.298546e-13
1.074610e+02 1.701128e-13
1.240940e+02 1.286358e-13
1.433010e+02 9.699988e-14
1.654820e+02 7.290757e-14
1.910950e+02 5.387556e-14
2.206730e+02 4.068560e-14
2.548300e+02 3.063282e-14
2.942730e+02 2.298546e-14
3.398210e+02 1.694794e-14
3.924190e+02 1.277416e-14
4.531580e+02 9.597670e-15
5.232990e+02 7.185040e-15
6.042960e+02 5.282292e-15
6.978310e+02 3.970983e-15
8.058420e+02 2.974978e-15
9.305720e+02 2.220143e-15
1.074610e+03 1.625780e-15
1.240940e+03 1.217838e-15
1.433010e+03 9.088433e-16
1.654820e+03 6.753596e-16
1.910950e+03 4.919368e-16
2.206730e+03 3.667306e-16
2.548300e+03 2.722512e-16
2.942730e+03 2.011550e-16
3.398210e+03 1.454754e-16
3.924190e+03 1.077525e-16
4.531580e+03 7.943344e-17
5.232990e+03 5.824298e-17
6.042960e+03 4.171785e-17
6.978310e+03 3.063561e-17
8.058420e+03 2.237434e-17
9.305720e+03 1.623971e-17
1.074610e+04 1.148294e-17
1.240940e+04 8.337067e-18
1.433010e+04 6.014223e-18
1.654820e+04 4.306924e-18
1.910950e+04 2.993367e-18
2.206730e+04 2.140851e-18
2.548300e+04 1.519417e-18
2.942730e+04 1.068974e-18
3.398210e+04 7.259992e-19
3.924190e+04 5.090485e-19
4.531580e+04 3.536088e-19
5.232990e+04 2.430305e-19
6.042960e+04 1.600171e-19
6.978310e+04 1.093026e-19
8.058420e+04 7.380664e-20
9.305720e+04 4.918584e-20
1.074610e+05 3.105290e-20
1.240940e+05 2.049044e-20
1.433010e+05 1.332787e-20
1.654820e+05 8.526783e-21
1.910950e+05 5.082571e-21
2.206730e+05 3.203372e-21
2.548300e+05 1.982738e-21
2.942730e+05 1.201743e-21
3.398210e+05 6.613890e-22
3.924190e+05 3.921637e-22
4.531580e+05 2.272487e-22
5.232990e+05 1.282074e-22
6.042960e+05 6.305594e-23
6.978310e+05 3.446146e-23
8.058420e+05 1.829505e-23
9.305720e+05 9.386602e-24
1.074610e+06 3.928139e-24
1.240940e+06 1.924415e-24
1.433010e+06 9.091362e-25
1.654820e+06 4.113270e-25
1.910950e+06 1.356283e-25
2.206730e+06 5.723270e-26
2.548300e+06 2.309859e-26
2.942730e+06 8.845380e-27
3.398210e+06 2.014636e-27
3.924190e+06 6.865536e-28
4.531580e+06 2.218574e-28
5.232990e+06 6.813924e-29
6.042960e+06 8.522477e-30
6.978310e+06 2.085857e-30
8.058420e+06 4.724336e-31
9.305720e+06 1.039033e-31
1.074610e+07 5.398851e-33
1.240940e+07 7.705154e-34
1.433010e+07 9.292163e-35
1.654820e+07 1.086164e-35
1.910950e+07 1.729226e-37
2.206730e+07 1.005847e-38
2.548300e+07 4.001121e-40
2.942730e+07 1.251094e-41
3.398210e+07 3.629952e-44
3.924190e+07 4.726812e-46
4.531580e+07 2.846008e-48
5.232990e+07 7.645436e-51
6.042960e+07 1.388063e-54
6.978310e+07 8.050438e-58
8.058420e+07 1.053079e-61
9.305720e+07 0.000000e+00
