Ev [GeV]   dN_dEv [s^-1 GeV^-1]
3.398210e-02 8.077186e-03
3.924190e-02 7.777985e-03
4.531580e-02 7.378290e-03
5.232990e-02 6.914936e-03
6.042960e-02 6.344430e-03
6.978310e-02 5.679557e-03
8.058420e-02 4.932643e-03
9.305720e-02 4.129701e-03
1.074610e-01 3.311663e-03
1.240940e-01 2.616555e-03
1.433010e-01 2.031204e-03
1.654820e-01 1.553352e-03
1.910950e-01 1.157339e-03
2.206730e-01 8.711448e-04
2.548300e-01 6.502735e-04
2.942730e-01 4.815673e-04
3.398210e-01 3.515173e-04
3.924190e-01 2.613826e-04
4.531580e-01 1.939176e-04
5.232990e-01 1.435797e-04
6.042960e-01 1.055254e-04
6.978310e-01 7.902712e-05
8.058420e-01 5.914458e-05
9.305720e-01 4.420114e-05
1.074610e+00 3.267682e-05
1.240940e+00 2.462763e-05
1.433010e+00 1.852176e-05
1.654820e+00 1.389480e-05
1.910950e+00 1.029143e-05
2.206730e+00 7.772999e-06
2.548300e+00 5.855618e-06
2.942730e+00 4.398318e-06
3.398210e+00 3.261081e-06
3.924190e+00 2.462610e-06
4.531580e+00 1.853555e-06
5.232990e+00 1.390136e-06
6.042960e+00 1.029761e-06
6.978310e+00 7.765618e-07
8.058420e+00 5.841511e-07
9.305720e+00 4.382846e-07
1.074610e+01 3.252015e-07
1.240940e+01 2.457401e-07
1.433010e+01 1.852455e-07
1.654820e+01 1.392411e-07
1.910950e+01 1.032370e-07
2.206730e+01 7.800755e-08
2.548300e+01 5.877010e-08
2.942730e+01 4.414028e-08
3.398210e+01 3.266262e-08
3.924190e+01 2.467610e-08
4.531580e+01 1.859892e-08
5.232990e+01 1.398167e-08
6.042960e+01 1.035279e-08
6.978310e+01 7.832619e-09
8.058420e+01 5.912216e-09
9.305720e+01 4.450348e-09
1.074610e+02 3.296706e-09
1.240940e+02 2.495115e-09
1.433010e+02 1.883358e-09
1.654820e+02 1.417163e-09
1.910950e+02 1.048711e-09
2.206730e+02 7.930287e-10
2.548300e+02 5.979844e-10
2.942730e+02 4.494580e-10
3.398210e+02 3.321035e-10
3.924190e+02 2.508178e-10
4.531580e+02 1.888678e-10
5.232990e+02 1.417428e-10
6.042960e+02 1.045324e-10
6.978310e+02 7.881237e-11
8.058420e+02 5.923580e-11
9.305720e+02 4.436491e-11
1.074610e+03 3.263477e-11
1.240940e+03 2.454839e-11
1.433010e+03 1.840436e-11
1.654820e+03 1.374592e-11
1.910950e+03 1.007697e-11
2.206730e+03 7.556398e-12
2.548300e+03 5.645883e-12
2.942730e+03 4.201159e-12
3.398210e+03 3.065565e-12
3.924190e+03 2.289112e-12
4.531580e+03 1.702507e-12
5.232990e+03 1.260519e-12
6.042960e+03 9.140528e-13
6.978310e+03 6.786852e-13
8.058420e+03 5.016676e-13
9.305720e+03 3.689410e-13
1.074610e+04 2.652834e-13
1.240940e+04 1.954900e-13
1.433010e+04 1.433193e-13
1.654820e+04 1.044601e-13
1.910950e+04 7.426602e-14
2.206730e+04 5.417959e-14
2.548300e+04 3.928962e-14
2.942730e+04 2.829870e-14
3.398210e+04 1.981625e-14
3.924190e+04 1.426564e-14
4.531580e+04 1.019705e-14
5.232990e+04 7.230208e-15
6.042960e+04 4.961332e-15
6.978310e+04 3.509547e-15
8.058420e+04 2.461398e-15
9.305720e+04 1.709540e-15
1.074610e+05 1.141610e-15
1.240940e+05 7.891028e-16
1.433010e+05 5.397543e-16
1.654820e+05 3.647992e-16
1.910950e+05 2.348425e-16
2.206730e+05 1.574507e-16
2.548300e+05 1.041979e-16
2.942730e+05 6.793565e-17
3.398210e+05 4.160604e-17
3.924190e+05 2.679128e-17
4.531580e+05 1.697228e-17
5.232990e+05 1.055149e-17
6.042960e+05 6.033114e-18
6.978310e+05 3.682182e-18
8.058420e+05 2.201429e-18
9.305720e+05 1.285017e-18
1.074610e+06 6.674896e-19
1.240940e+06 3.793302e-19
1.433010e+06 2.100141e-19
1.654820e+06 1.127727e-19
1.910950e+06 5.110807e-20
2.206730e+06 2.640189e-20
2.548300e+06 1.319810e-20
2.942730e+06 6.346296e-21
3.398210e+06 2.358606e-21
3.924190e+06 1.071235e-21
4.531580e+06 4.670835e-22
5.232990e+06 1.939998e-22
6.042960e+06 5.343688e-23
6.978310e+06 2.028669e-23
8.058420e+06 7.333571e-24
9.305720e+06 2.510490e-24
1.074610e+07 4.277226e-25
1.240940e+07 1.242416e-25
1.433010e+07 3.393189e-26
1.654820e+07 8.894332e-27
1.910950e+07 7.139587e-28
2.206730e+07 1.350987e-28
2.548300e+07 2.283611e-29
2.942730e+07 3.781395e-30
3.398210e+07 1.086373e-31
3.924190e+07 1.012165e-32
4.531580e+07 7.220821e-34
5.232990e+07 4.671922e-35
6.042960e+07 3.195500e-37
6.978310e+07 8.834281e-39
8.058420e+07 1.057840e-40
9.305720e+07 0.000000e+00
