Ev [GeV]   dN_dEv [s^-1 GeV^-1]
3.398210e-02 1.204415e-07
3.924190e-02 1.158418e-07
4.531580e-02 1.097338e-07
5.232990e-02 1.026494e-07
6.042960e-02 9.386558e-08
6.978310e-02 8.374483e-08
8.058420e-02 7.240671e-08
9.305720e-02 6.027208e-08
1.074610e-01 4.782863e-08
1.240940e-01 3.754722e-08
1.433010e-01 2.898053e-08
1.654820e-01 2.204985e-08
1.910950e-01 1.631385e-08
2.206730e-01 1.225284e-08
2.548300e-01 9.136164e-09
2.942730e-01 6.763280e-09
3.398210e-01 4.936000e-09
3.924190e-01 3.670316e-09
4.531580e-01 2.722970e-09
5.232990e-01 2.016104e-09
6.042960e-01 1.481751e-09
6.978310e-01 1.109662e-09
8.058420e-01 8.304717e-10
9.305720e-01 6.206377e-10
1.074610e+00 4.588159e-10
1.240940e+00 3.457916e-10
1.433010e+00 2.600550e-10
1.654820e+00 1.950862e-10
1.910950e+00 1.444905e-10
2.206730e+00 1.091288e-10
2.548300e+00 8.220735e-11
2.942730e+00 6.174601e-11
3.398210e+00 4.577869e-11
3.924190e+00 3.456810e-11
4.531580e+00 2.601736e-11
5.232990e+00 1.951131e-11
6.042960e+00 1.445211e-11
6.978310e+00 1.089768e-11
8.058420e+00 8.196726e-12
9.305720e+00 6.149275e-12
1.074610e+01 4.562075e-12
1.240940e+01 3.446882e-12
1.433010e+01 2.597937e-12
1.654820e+01 1.952406e-12
1.910950e+01 1.447235e-12
2.206730e+01 1.093308e-12
2.548300e+01 8.234716e-13
2.942730e+01 6.182981e-13
3.398210e+01 4.573524e-13
3.924190e+01 3.453957e-13
4.531580e+01 2.602240e-13
5.232990e+01 1.955292e-13
6.042960e+01 1.446939e-13
6.978310e+01 1.094075e-13
8.058420e+01 8.252934e-14
9.305720e+01 6.207742e-14
1.074610e+02 4.594279e-14
1.240940e+02 3.474101e-14
1.433010e+02 2.619700e-14
1.654820e+02 1.969033e-14
1.910950e+02 1.455031e-14
2.206730e+02 1.098806e-14
2.548300e+02 8.273083e-15
2.942730e+02 6.207742e-15
3.398210e+02 4.577172e-15
3.924190e+02 3.449951e-15
4.531580e+02 2.592067e-15
5.232990e+02 1.940482e-15
6.042960e+02 1.426602e-15
6.978310e+02 1.072454e-15
8.058420e+02 8.034599e-16
9.305720e+02 5.995997e-16
1.074610e+03 4.390786e-16
1.240940e+03 3.289047e-16
1.433010e+03 2.454536e-16
1.654820e+03 1.823961e-16
1.910950e+03 1.328586e-16
2.206730e+03 9.904387e-17
2.548300e+03 7.352758e-17
2.942730e+03 5.432646e-17
3.398210e+03 3.928892e-17
3.924190e+03 2.910099e-17
4.531580e+03 2.145279e-17
5.232990e+03 1.572983e-17
6.042960e+03 1.126684e-17
6.978310e+03 8.273836e-18
8.058420e+03 6.042696e-18
9.305720e+03 4.385900e-18
1.074610e+04 3.101226e-18
1.240940e+04 2.251613e-18
1.433010e+04 1.624276e-18
1.654820e+04 1.163182e-18
1.910950e+04 8.084263e-19
2.206730e+04 5.781851e-19
2.548300e+04 4.103527e-19
2.942730e+04 2.887004e-19
3.398210e+04 1.960724e-19
3.924190e+04 1.374800e-19
4.531580e+04 9.550004e-20
5.232990e+04 6.563586e-20
6.042960e+04 4.321623e-20
6.978310e+04 2.951964e-20
8.058420e+04 1.993315e-20
9.305720e+04 1.328374e-20
1.074610e+05 8.386534e-21
1.240940e+05 5.533905e-21
1.433010e+05 3.599491e-21
1.654820e+05 2.302850e-21
1.910950e+05 1.372663e-21
2.206730e+05 8.651428e-22
2.548300e+05 5.354830e-22
2.942730e+05 3.245578e-22
3.398210e+05 1.786230e-22
3.924190e+05 1.059126e-22
4.531580e+05 6.137365e-23
5.232990e+05 3.462529e-23
6.042960e+05 1.702968e-23
6.978310e+05 9.307094e-24
8.058420e+05 4.940990e-24
9.305720e+05 2.535064e-24
1.074610e+06 1.060882e-24
1.240940e+06 5.197315e-25
1.433010e+06 2.455327e-25
1.654820e+06 1.110881e-25
1.910950e+06 3.662948e-26
2.206730e+06 1.545698e-26
2.548300e+06 6.238294e-27
2.942730e+06 2.388894e-27
3.398210e+06 5.440978e-28
3.924190e+06 1.854193e-28
4.531580e+06 5.991760e-29
5.232990e+06 1.840254e-29
6.042960e+06 2.301687e-30
6.978310e+06 5.633328e-31
8.058420e+06 1.275914e-31
9.305720e+06 2.806143e-32
1.074610e+07 1.458081e-33
1.240940e+07 2.080950e-34
1.433010e+07 2.509558e-35
1.654820e+07 2.933430e-36
1.910950e+07 4.670165e-38
2.206730e+07 2.716516e-39
2.548300e+07 1.080593e-40
2.942730e+07 3.378862e-42
3.398210e+07 9.803505e-45
3.924190e+07 1.276582e-46
4.531580e+07 7.686287e-49
5.232990e+07 2.064822e-51
6.042960e+07 3.748776e-55
6.978310e+07 2.174202e-58
8.058420e+07 2.844076e-62
9.305720e+07 0.000000e+00
