Ev [GeV]   dN_dEv [s^-1 GeV^-1]
3.398210e-02 2.477808e-06
3.924190e-02 2.383179e-06
4.531580e-02 2.257520e-06
5.232990e-02 2.111775e-06
6.042960e-02 1.931069e-06
6.978310e-02 1.722858e-06
8.058420e-02 1.489602e-06
9.305720e-02 1.239960e-06
1.074610e-01 9.839643e-07
1.240940e-01 7.724478e-07
1.433010e-01 5.962078e-07
1.654820e-01 4.536250e-07
1.910950e-01 3.356200e-07
2.206730e-01 2.520740e-07
2.548300e-01 1.879556e-07
2.942730e-01 1.391389e-07
3.398210e-01 1.015469e-07
3.924190e-01 7.550832e-08
4.531580e-01 5.601885e-08
5.232990e-01 4.147671e-08
6.042960e-01 3.048362e-08
6.978310e-01 2.282875e-08
8.058420e-01 1.708505e-08
9.305720e-01 1.276820e-08
1.074610e+00 9.439085e-09
1.240940e+00 7.113868e-09
1.433010e+00 5.350035e-09
1.654820e+00 4.013451e-09
1.910950e+00 2.972560e-09
2.206730e+00 2.245075e-09
2.548300e+00 1.691227e-09
2.942730e+00 1.270282e-09
3.398210e+00 9.417914e-10
3.924190e+00 7.111593e-10
4.531580e+00 5.352475e-10
5.232990e+00 4.014003e-10
6.042960e+00 2.973190e-10
6.978310e+00 2.241947e-10
8.058420e+00 1.686288e-10
9.305720e+00 1.265072e-10
1.074610e+01 9.385422e-11
1.240940e+01 7.091168e-11
1.433010e+01 5.344660e-11
1.654820e+01 4.016628e-11
1.910950e+01 2.977354e-11
2.206730e+01 2.249230e-11
2.548300e+01 1.694104e-11
2.942730e+01 1.272006e-11
3.398210e+01 9.408975e-12
3.924190e+01 7.105724e-12
4.531580e+01 5.353512e-12
5.232990e+01 4.022564e-12
6.042960e+01 2.976744e-12
6.978310e+01 2.250809e-12
8.058420e+01 1.697852e-12
9.305720e+01 1.277100e-12
1.074610e+02 9.451675e-13
1.240940e+02 7.147164e-13
1.433010e+02 5.389432e-13
1.654820e+02 4.050834e-13
1.910950e+02 2.993392e-13
2.206730e+02 2.260542e-13
2.548300e+02 1.701997e-13
2.942730e+02 1.277100e-13
3.398210e+02 9.416481e-14
3.924190e+02 7.097482e-14
4.531580e+02 5.332583e-14
5.232990e+02 3.992096e-14
6.042960e+02 2.934906e-14
6.978310e+02 2.206327e-14
8.058420e+02 1.652934e-14
9.305720e+02 1.233539e-14
1.074610e+03 9.033035e-15
1.240940e+03 6.766459e-15
1.433010e+03 5.049645e-15
1.654820e+03 3.752381e-15
1.910950e+03 2.733261e-15
2.206730e+03 2.037600e-15
2.548300e+03 1.512661e-15
2.942730e+03 1.117642e-15
3.398210e+03 8.082792e-16
3.924190e+03 5.986861e-16
4.531580e+03 4.413419e-16
5.232990e+03 3.236051e-16
6.042960e+03 2.317895e-16
6.978310e+03 1.702152e-16
8.058420e+03 1.243146e-16
9.305720e+03 9.022982e-17
1.074610e+04 6.380060e-17
1.240940e+04 4.632177e-17
1.433010e+04 3.341576e-17
1.654820e+04 2.392980e-17
1.910950e+04 1.663152e-17
2.206730e+04 1.189483e-17
2.548300e+04 8.442065e-18
2.942730e+04 5.939348e-18
3.398210e+04 4.033740e-18
3.924190e+04 2.828336e-18
4.531580e+04 1.964694e-18
5.232990e+04 1.350307e-18
6.042960e+04 8.890747e-19
6.978310e+04 6.072987e-19
8.058420e+04 4.100788e-19
9.305720e+04 2.732825e-19
1.074610e+05 1.725337e-19
1.240940e+05 1.138474e-19
1.433010e+05 7.405126e-20
1.654820e+05 4.737585e-20
1.910950e+05 2.823939e-20
2.206730e+05 1.779833e-20
2.548300e+05 1.101633e-20
2.942730e+05 6.677031e-21
3.398210e+05 3.674758e-21
3.924190e+05 2.178910e-21
4.531580e+05 1.262622e-21
5.232990e+05 7.123359e-22
6.042960e+05 3.503465e-22
6.978310e+05 1.914721e-22
8.058420e+05 1.016495e-22
9.305720e+05 5.215311e-23
1.074610e+06 2.182522e-23
1.240940e+06 1.069228e-23
1.433010e+06 5.051272e-24
1.654820e+06 2.285383e-24
1.910950e+06 7.535675e-25
2.206730e+06 3.179919e-25
2.548300e+06 1.283386e-25
2.942730e+06 4.914602e-26
3.398210e+06 1.119356e-26
3.924190e+06 3.814576e-27
4.531580e+06 1.232667e-27
5.232990e+06 3.785900e-28
6.042960e+06 4.735193e-29
6.978310e+06 1.158928e-29
8.058420e+06 2.624899e-30
9.305720e+06 5.772994e-31
1.074610e+07 2.999668e-32
1.240940e+07 4.281078e-33
1.433010e+07 5.162840e-34
1.654820e+07 6.034859e-35
1.910950e+07 9.607792e-37
2.206730e+07 5.588607e-38
2.548300e+07 2.223072e-39
2.942730e+07 6.951233e-41
3.398210e+07 2.016846e-43
3.924190e+07 2.626274e-45
4.531580e+07 1.581277e-47
5.232990e+07 4.247898e-50
6.042960e+07 7.712247e-54
6.978310e+07 4.472922e-57
8.058420e+07 5.851033e-61
9.305720e+07 0.000000e+00
