Ev [GeV]   dN_dEv [s^-1 GeV^-1]
3.398210e-02 1.196509e-09
3.924190e-02 1.152202e-09
4.531580e-02 1.093013e-09
5.232990e-02 1.024398e-09
6.042960e-02 9.399149e-10
6.978310e-02 8.414530e-10
8.058420e-02 7.308368e-10
9.305720e-02 6.119189e-10
1.074610e-01 4.907690e-10
1.240940e-01 3.878055e-10
1.433010e-01 3.010908e-10
1.654820e-01 2.302909e-10
1.910950e-01 1.716131e-10
2.206730e-01 1.291925e-10
2.548300e-01 9.644864e-11
2.942730e-01 7.143414e-11
3.398210e-01 5.214929e-11
3.924190e-01 3.878026e-11
4.531580e-01 2.877268e-11
5.232990e-01 2.130503e-11
6.042960e-01 1.565931e-11
6.978310e-01 1.172769e-11
8.058420e-01 8.777520e-12
9.305720e-01 6.560103e-12
1.074610e+00 4.849981e-12
1.240940e+00 3.655467e-12
1.433010e+00 2.749310e-12
1.654820e+00 2.062602e-12
1.910950e+00 1.527792e-12
2.206730e+00 1.153985e-12
2.548300e+00 8.693771e-13
2.942730e+00 6.530513e-13
3.398210e+00 4.842302e-13
3.924190e+00 3.656893e-13
4.531580e+00 2.752644e-13
5.232990e+00 2.064579e-13
6.042960e+00 1.529486e-13
6.978310e+00 1.153496e-13
8.058420e+00 8.677558e-14
9.305720e+00 6.511224e-14
1.074610e+01 4.831674e-14
1.240940e+01 3.651366e-14
1.433010e+01 2.752724e-14
1.654820e+01 2.069282e-14
1.910950e+01 1.534371e-14
2.206730e+01 1.159497e-14
2.548300e+01 8.736325e-15
2.942730e+01 6.562189e-15
3.398210e+01 4.856384e-15
3.924190e+01 3.669269e-15
4.531580e+01 2.765882e-15
5.232990e+01 2.079451e-15
6.042960e+01 1.539920e-15
6.978310e+01 1.165174e-15
8.058420e+01 8.795846e-16
9.305720e+01 6.621646e-16
1.074610e+02 4.905742e-16
1.240940e+02 3.713287e-16
1.433010e+02 2.803141e-16
1.654820e+02 2.109488e-16
1.910950e+02 1.561227e-16
2.206730e+02 1.180707e-16
2.548300e+02 8.904031e-17
2.942730e+02 6.693139e-17
3.398210e+02 4.946130e-17
3.924190e+02 3.735871e-17
4.531580e+02 2.813405e-17
5.232990e+02 2.111620e-17
6.042960e+02 1.557447e-17
6.978310e+02 1.174338e-17
8.058420e+02 8.827115e-18
9.305720e+02 6.611633e-18
1.074610e+03 4.863949e-18
1.240940e+03 3.658987e-18
1.433010e+03 2.743378e-18
1.654820e+03 2.049103e-18
1.910950e+03 1.502268e-18
2.206730e+03 1.126549e-18
2.548300e+03 8.417479e-19
2.942730e+03 6.263697e-19
3.398210e+03 4.570701e-19
3.924190e+03 3.413041e-19
4.531580e+03 2.538409e-19
5.232990e+03 1.879383e-19
6.042960e+03 1.362778e-19
6.978310e+03 1.011823e-19
8.058420e+03 7.478748e-20
9.305720e+03 5.499713e-20
1.074610e+04 3.954141e-20
1.240940e+04 2.913561e-20
1.433010e+04 2.135771e-20
1.654820e+04 1.556478e-20
1.910950e+04 1.106385e-20
2.206730e+04 8.070122e-21
2.548300e+04 5.851159e-21
2.942730e+04 4.213480e-21
3.398210e+04 2.949705e-21
3.924190e+04 2.122968e-21
4.531580e+04 1.517094e-21
5.232990e+04 1.075385e-21
6.042960e+04 7.376460e-22
6.978310e+04 5.216289e-22
8.058420e+04 3.657157e-22
9.305720e+04 2.539103e-22
1.074610e+05 1.694760e-22
1.240940e+05 1.170988e-22
1.433010e+05 8.006338e-23
1.654820e+05 5.408798e-23
1.910950e+05 3.479919e-23
2.206730e+05 2.332065e-23
2.548300e+05 1.542596e-23
2.942730e+05 1.005266e-23
3.398210e+05 6.152545e-24
3.924190e+05 3.959920e-24
4.531580e+05 2.507415e-24
5.232990e+05 1.558084e-24
6.042960e+05 8.902834e-25
6.978310e+05 5.431254e-25
8.058420e+05 3.245734e-25
9.305720e+05 1.893803e-25
1.074610e+06 9.831269e-26
1.240940e+06 5.585077e-26
1.433010e+06 3.091129e-26
1.654820e+06 1.659356e-26
1.910950e+06 7.516707e-27
2.206730e+06 3.882161e-27
2.548300e+06 1.940273e-27
2.942730e+06 9.328157e-28
3.398210e+06 3.465880e-28
3.924190e+06 1.573964e-28
4.531580e+06 6.862244e-29
5.232990e+06 2.849991e-29
6.042960e+06 7.849399e-30
6.978310e+06 2.979833e-30
8.058420e+06 1.077174e-30
9.305720e+06 3.687423e-31
1.074610e+07 6.282292e-32
1.240940e+07 1.824823e-32
1.433010e+07 4.983802e-33
1.654820e+07 1.306368e-33
1.910950e+07 1.048636e-34
2.206730e+07 1.984279e-35
2.548300e+07 3.354081e-36
2.942730e+07 5.553973e-37
3.398210e+07 1.595624e-38
3.924190e+07 1.486630e-39
4.531580e+07 1.060568e-40
5.232990e+07 6.861944e-42
6.042960e+07 4.693433e-44
6.978310e+07 1.297546e-45
8.058420e+07 1.553716e-47
9.305720e+07 0.000000e+00
