Ev [GeV]   dN_dEv [s^-1 GeV^-1]
3.398210e-02 3.124388e-06
3.924190e-02 3.005066e-06
4.531580e-02 2.846617e-06
5.232990e-02 2.662840e-06
6.042960e-02 2.434978e-06
6.978310e-02 2.172435e-06
8.058420e-02 1.878311e-06
9.305720e-02 1.563525e-06
1.074610e-01 1.240728e-06
1.240940e-01 9.740169e-07
1.433010e-01 7.517873e-07
1.654820e-01 5.719977e-07
1.910950e-01 4.231995e-07
2.206730e-01 3.178524e-07
2.548300e-01 2.370023e-07
2.942730e-01 1.754470e-07
3.398210e-01 1.280454e-07
3.924190e-01 9.521209e-08
4.531580e-01 7.063688e-08
5.232990e-01 5.229999e-08
6.042960e-01 3.843827e-08
6.978310e-01 2.878587e-08
8.058420e-01 2.154337e-08
9.305720e-01 1.610004e-08
1.074610e+00 1.190220e-08
1.240940e+00 8.970221e-09
1.433010e+00 6.746118e-09
1.654820e+00 5.060755e-09
1.910950e+00 3.748245e-09
2.206730e+00 2.830924e-09
2.548300e+00 2.132551e-09
2.942730e+00 1.601761e-09
3.398210e+00 1.187550e-09
3.924190e+00 8.967351e-10
4.531580e+00 6.749195e-10
5.232990e+00 5.061451e-10
6.042960e+00 3.749039e-10
6.978310e+00 2.826980e-10
8.058420e+00 2.126322e-10
9.305720e+00 1.595191e-10
1.074610e+01 1.183453e-10
1.240940e+01 8.941596e-11
1.433010e+01 6.739340e-11
1.654820e+01 5.064760e-11
1.910950e+01 3.754290e-11
2.206730e+01 2.836163e-11
2.548300e+01 2.136177e-11
2.942730e+01 1.603934e-11
3.398210e+01 1.186423e-11
3.924190e+01 8.959951e-12
4.531580e+01 6.750502e-12
5.232990e+01 5.072246e-12
6.042960e+01 3.753520e-12
6.978310e+01 2.838154e-12
8.058420e+01 2.140903e-12
9.305720e+01 1.610358e-12
1.074610e+02 1.191807e-12
1.240940e+02 9.012206e-13
1.433010e+02 6.795796e-13
1.654820e+02 5.107893e-13
1.910950e+02 3.774513e-13
2.206730e+02 2.850427e-13
2.548300e+02 2.146130e-13
2.942730e+02 1.610358e-13
3.398210e+02 1.187370e-13
3.924190e+02 8.949559e-14
4.531580e+02 6.724112e-14
5.232990e+02 5.033827e-14
6.042960e+02 3.700765e-14
6.978310e+02 2.782064e-14
8.058420e+02 2.084265e-14
9.305720e+02 1.555429e-14
1.074610e+03 1.139019e-14
1.240940e+03 8.532156e-15
1.433010e+03 6.367342e-15
1.654820e+03 4.731559e-15
1.910950e+03 3.446501e-15
2.206730e+03 2.569309e-15
2.548300e+03 1.907388e-15
2.942730e+03 1.409289e-15
3.398210e+03 1.019198e-15
3.924190e+03 7.549123e-16
4.531580e+03 5.565094e-16
5.232990e+03 4.080494e-16
6.042960e+03 2.922745e-16
6.978310e+03 2.146326e-16
8.058420e+03 1.567543e-16
9.305720e+03 1.137751e-16
1.074610e+04 8.044926e-17
1.240940e+04 5.840936e-17
1.433010e+04 4.213555e-17
1.654820e+04 3.017424e-17
1.910950e+04 2.097148e-17
2.206730e+04 1.499877e-17
2.548300e+04 1.064501e-17
2.942730e+04 7.489212e-18
3.398210e+04 5.086339e-18
3.924190e+04 3.566385e-18
4.531580e+04 2.477378e-18
5.232990e+04 1.702668e-18
6.042960e+04 1.121077e-18
6.978310e+04 7.657724e-19
8.058420e+04 5.170882e-19
9.305720e+04 3.445952e-19
1.074610e+05 2.175561e-19
1.240940e+05 1.435557e-19
1.433010e+05 9.337482e-20
1.654820e+05 5.973850e-20
1.910950e+05 3.560841e-20
2.206730e+05 2.244277e-20
2.548300e+05 1.389103e-20
2.942730e+05 8.419391e-21
3.398210e+05 4.633680e-21
3.924190e+05 2.747493e-21
4.531580e+05 1.592101e-21
5.232990e+05 8.982189e-22
6.042960e+05 4.417689e-22
6.978310e+05 2.414364e-22
8.058420e+05 1.281748e-22
9.305720e+05 6.576238e-23
1.074610e+06 2.752048e-23
1.240940e+06 1.348242e-23
1.433010e+06 6.369393e-24
1.654820e+06 2.881750e-24
1.910950e+06 9.502098e-25
2.206730e+06 4.009714e-25
2.548300e+06 1.618283e-25
2.942730e+06 6.197059e-26
3.398210e+06 1.411451e-26
3.924190e+06 4.809984e-27
4.531580e+06 1.554330e-27
5.232990e+06 4.773824e-28
6.042960e+06 5.970834e-29
6.978310e+06 1.461348e-29
8.058420e+06 3.309862e-30
9.305720e+06 7.279448e-31
1.074610e+07 3.782426e-32
1.240940e+07 5.398218e-33
1.433010e+07 6.510074e-34
1.654820e+07 7.609645e-35
1.910950e+07 1.211493e-36
2.206730e+07 7.046946e-38
2.548300e+07 2.803179e-39
2.942730e+07 8.765147e-41
3.398210e+07 2.543139e-43
3.924190e+07 3.311597e-45
4.531580e+07 1.993909e-47
5.232990e+07 5.356380e-50
6.042960e+07 9.724745e-54
6.978310e+07 5.640124e-57
8.058420e+07 7.377851e-61
9.305720e+07 0.000000e+00
