Ev [GeV]   dN_dEv [s^-1 GeV^-1]
3.398210e-02 2.626557e-07
3.924190e-02 2.526247e-07
4.531580e-02 2.393045e-07
5.232990e-02 2.238550e-07
6.042960e-02 2.046996e-07
6.978310e-02 1.826285e-07
8.058420e-02 1.579026e-07
9.305720e-02 1.314398e-07
1.074610e-01 1.043034e-07
1.240940e-01 8.188198e-08
1.433010e-01 6.319996e-08
1.654820e-01 4.808572e-08
1.910950e-01 3.557681e-08
2.206730e-01 2.672067e-08
2.548300e-01 1.992390e-08
2.942730e-01 1.474918e-08
3.398210e-01 1.076430e-08
3.924190e-01 8.004127e-09
4.531580e-01 5.938180e-09
5.232990e-01 4.396666e-09
6.042960e-01 3.231363e-09
6.978310e-01 2.419921e-09
8.058420e-01 1.811071e-09
9.305720e-01 1.353470e-09
1.074610e+00 1.000574e-09
1.240940e+00 7.540931e-10
1.433010e+00 5.671211e-10
1.654820e+00 4.254388e-10
1.910950e+00 3.151010e-10
2.206730e+00 2.379853e-10
2.548300e+00 1.792756e-10
2.942730e+00 1.346541e-10
3.398210e+00 9.983294e-11
3.924190e+00 7.538519e-11
4.531580e+00 5.673798e-11
5.232990e+00 4.254974e-11
6.042960e+00 3.151677e-11
6.978310e+00 2.376537e-11
8.058420e+00 1.787520e-11
9.305720e+00 1.341017e-11
1.074610e+01 9.948852e-12
1.240940e+01 7.516868e-12
1.433010e+01 5.665513e-12
1.654820e+01 4.257756e-12
1.910950e+01 3.156092e-12
2.206730e+01 2.384257e-12
2.548300e+01 1.795805e-12
2.942730e+01 1.348368e-12
3.398210e+01 9.973819e-13
3.924190e+01 7.532298e-13
4.531580e+01 5.674896e-13
5.232990e+01 4.264049e-13
6.042960e+01 3.155445e-13
6.978310e+01 2.385930e-13
8.058420e+01 1.799778e-13
9.305720e+01 1.353768e-13
1.074610e+02 1.001908e-13
1.240940e+02 7.576226e-14
1.433010e+02 5.712973e-14
1.654820e+02 4.294015e-14
1.910950e+02 3.173093e-14
2.206730e+02 2.396248e-14
2.548300e+02 1.804172e-14
2.942730e+02 1.353768e-14
3.398210e+02 9.981775e-15
3.924190e+02 7.523561e-15
4.531580e+02 5.652711e-15
5.232990e+02 4.231752e-15
6.042960e+02 3.111096e-15
6.978310e+02 2.338778e-15
8.058420e+02 1.752164e-15
9.305720e+02 1.307591e-15
1.074610e+03 9.575310e-16
1.240940e+03 7.172666e-16
1.433010e+03 5.352787e-16
1.654820e+03 3.977646e-16
1.910950e+03 2.897346e-16
2.206730e+03 2.159922e-16
2.548300e+03 1.603470e-16
2.942730e+03 1.184737e-16
3.398210e+03 8.568022e-17
3.924190e+03 6.346267e-17
4.531580e+03 4.678367e-17
5.232990e+03 3.430320e-17
6.042960e+03 2.457043e-17
6.978310e+03 1.804336e-17
8.058420e+03 1.317775e-17
9.305720e+03 9.564654e-18
1.074610e+04 6.763070e-18
1.240940e+04 4.910258e-18
1.433010e+04 3.542179e-18
1.654820e+04 2.536636e-18
1.910950e+04 1.762995e-18
2.206730e+04 1.260891e-18
2.548300e+04 8.948863e-19
2.942730e+04 6.295902e-19
3.398210e+04 4.275896e-19
3.924190e+04 2.998128e-19
4.531580e+04 2.082639e-19
5.232990e+04 1.431369e-19
6.042960e+04 9.424481e-20
6.978310e+04 6.437563e-20
8.058420e+04 4.346968e-20
9.305720e+04 2.896884e-20
1.074610e+05 1.828913e-20
1.240940e+05 1.206819e-20
1.433010e+05 7.849674e-21
1.654820e+05 5.021994e-21
1.910950e+05 2.993467e-21
2.206730e+05 1.886680e-21
2.548300e+05 1.167767e-21
2.942730e+05 7.077869e-22
3.398210e+05 3.895363e-22
3.924190e+05 2.309715e-22
4.531580e+05 1.338420e-22
5.232990e+05 7.550992e-23
6.042960e+05 3.713787e-23
6.978310e+05 2.029666e-23
8.058420e+05 1.077518e-23
9.305720e+05 5.528399e-24
1.074610e+06 2.313544e-24
1.240940e+06 1.133417e-24
1.433010e+06 5.354512e-25
1.654820e+06 2.422580e-25
1.910950e+06 7.988060e-26
2.206730e+06 3.370817e-26
2.548300e+06 1.360431e-26
2.942730e+06 5.209637e-27
3.398210e+06 1.186554e-27
3.924190e+06 4.043574e-28
4.531580e+06 1.306667e-28
5.232990e+06 4.013176e-29
6.042960e+06 5.019458e-30
6.978310e+06 1.228501e-30
8.058420e+06 2.782478e-31
9.305720e+06 6.119561e-32
1.074610e+07 3.179745e-33
1.240940e+07 4.538081e-34
1.433010e+07 5.472777e-35
1.654820e+07 6.397146e-36
1.910950e+07 1.018457e-37
2.206730e+07 5.924105e-39
2.548300e+07 2.356528e-40
2.942730e+07 7.368533e-42
3.398210e+07 2.137922e-44
3.924190e+07 2.783936e-46
4.531580e+07 1.676205e-48
5.232990e+07 4.502910e-51
6.042960e+07 8.175232e-55
6.978310e+07 4.741442e-58
8.058420e+07 6.202285e-62
9.305720e+07 0.000000e+00
