Ev [GeV]   dN_dEv [s^-1 GeV^-1]
3.398210e-02 3.192968e-07
3.924190e-02 3.071026e-07
4.531580e-02 2.909099e-07
5.232990e-02 2.721288e-07
6.042960e-02 2.488425e-07
6.978310e-02 2.220119e-07
8.058420e-02 1.919540e-07
9.305720e-02 1.597844e-07
1.074610e-01 1.267962e-07
1.240940e-01 9.953963e-08
1.433010e-01 7.682888e-08
1.654820e-01 5.845529e-08
1.910950e-01 4.324886e-08
2.206730e-01 3.248291e-08
2.548300e-01 2.422044e-08
2.942730e-01 1.792981e-08
3.398210e-01 1.308559e-08
3.924190e-01 9.730198e-09
4.531580e-01 7.218734e-09
5.232990e-01 5.344796e-09
6.042960e-01 3.928198e-09
6.978310e-01 2.941772e-09
8.058420e-01 2.201624e-09
9.305720e-01 1.645343e-09
1.074610e+00 1.216345e-09
1.240940e+00 9.167115e-10
1.433010e+00 6.894194e-10
1.654820e+00 5.171837e-10
1.910950e+00 3.830518e-10
2.206730e+00 2.893062e-10
2.548300e+00 2.179359e-10
2.942730e+00 1.636919e-10
3.398210e+00 1.213617e-10
3.924190e+00 9.164182e-11
4.531580e+00 6.897338e-11
5.232990e+00 5.172548e-11
6.042960e+00 3.831329e-11
6.978310e+00 2.889031e-11
8.058420e+00 2.172995e-11
9.305720e+00 1.630205e-11
1.074610e+01 1.209430e-11
1.240940e+01 9.137862e-12
1.433010e+01 6.887267e-12
1.654820e+01 5.175930e-12
1.910950e+01 3.836696e-12
2.206730e+01 2.898416e-12
2.548300e+01 2.183066e-12
2.942730e+01 1.639140e-12
3.398210e+01 1.212465e-12
3.924190e+01 9.156620e-13
4.531580e+01 6.898674e-13
5.232990e+01 5.183581e-13
6.042960e+01 3.835909e-13
6.978310e+01 2.900450e-13
8.058420e+01 2.187896e-13
9.305720e+01 1.645705e-13
1.074610e+02 1.217967e-13
1.240940e+02 9.210021e-14
1.433010e+02 6.944962e-14
1.654820e+02 5.220010e-14
1.910950e+02 3.857362e-14
2.206730e+02 2.912993e-14
2.548300e+02 2.193237e-14
2.942730e+02 1.645705e-14
3.398210e+02 1.213432e-14
3.924190e+02 9.145999e-15
4.531580e+02 6.871705e-15
5.232990e+02 5.144319e-15
6.042960e+02 3.781996e-15
6.978310e+02 2.843130e-15
8.058420e+02 2.130014e-15
9.305720e+02 1.589570e-15
1.074610e+03 1.164020e-15
1.240940e+03 8.719435e-16
1.433010e+03 6.507103e-16
1.654820e+03 4.835415e-16
1.910950e+03 3.522151e-16
2.206730e+03 2.625705e-16
2.548300e+03 1.949254e-16
2.942730e+03 1.440223e-16
3.398210e+03 1.041570e-16
3.924190e+03 7.714824e-17
4.531580e+03 5.687246e-17
5.232990e+03 4.170060e-17
6.042960e+03 2.986899e-17
6.978310e+03 2.193437e-17
8.058420e+03 1.601950e-17
9.305720e+03 1.162725e-17
1.074610e+04 8.221510e-18
1.240940e+04 5.969143e-18
1.433010e+04 4.306041e-18
1.654820e+04 3.083656e-18
1.910950e+04 2.143180e-18
2.206730e+04 1.532799e-18
2.548300e+04 1.087866e-18
2.942730e+04 7.653598e-19
3.398210e+04 5.197982e-19
3.924190e+04 3.644667e-19
4.531580e+04 2.531756e-19
5.232990e+04 1.740041e-19
6.042960e+04 1.145685e-19
6.978310e+04 7.825809e-20
8.058420e+04 5.284381e-20
9.305720e+04 3.521590e-20
1.074610e+05 2.223314e-20
1.240940e+05 1.467067e-20
1.433010e+05 9.542437e-21
1.654820e+05 6.104975e-21
1.910950e+05 3.639001e-21
2.206730e+05 2.293538e-21
2.548300e+05 1.419593e-21
2.942730e+05 8.604195e-22
3.398210e+05 4.735389e-22
3.924190e+05 2.807799e-22
4.531580e+05 1.627047e-22
5.232990e+05 9.179345e-23
6.042960e+05 4.514656e-23
6.978310e+05 2.467359e-23
8.058420e+05 1.309882e-23
9.305720e+05 6.720585e-24
1.074610e+06 2.812454e-24
1.240940e+06 1.377835e-24
1.433010e+06 6.509200e-25
1.654820e+06 2.945004e-25
1.910950e+06 9.710666e-26
2.206730e+06 4.097726e-26
2.548300e+06 1.653804e-26
2.942730e+06 6.333083e-27
3.398210e+06 1.442431e-27
3.924190e+06 4.915561e-28
4.531580e+06 1.588447e-28
5.232990e+06 4.878608e-29
6.042960e+06 6.101892e-30
6.978310e+06 1.493425e-30
8.058420e+06 3.382513e-31
9.305720e+06 7.439230e-32
1.074610e+07 3.865449e-33
1.240940e+07 5.516708e-34
1.433010e+07 6.652969e-35
1.654820e+07 7.776675e-36
1.910950e+07 1.238085e-37
2.206730e+07 7.201624e-39
2.548300e+07 2.864708e-40
2.942730e+07 8.957539e-42
3.398210e+07 2.598960e-44
3.924190e+07 3.384285e-46
4.531580e+07 2.037675e-48
5.232990e+07 5.473951e-51
6.042960e+07 9.938201e-55
6.978310e+07 5.763923e-58
8.058420e+07 7.539793e-62
9.305720e+07 0.000000e+00
