Ev [GeV]   dN_dEv [s^-1 GeV^-1]
3.398210e-02 2.608868e-09
3.924190e-02 2.512261e-09
4.531580e-02 2.383205e-09
5.232990e-02 2.233598e-09
6.042960e-02 2.049391e-09
6.978310e-02 1.834704e-09
8.058420e-02 1.593517e-09
9.305720e-02 1.334228e-09
1.074610e-01 1.070073e-09
1.240940e-01 8.455712e-10
1.433010e-01 6.564984e-10
1.654820e-01 5.021262e-10
1.910950e-01 3.741851e-10
2.206730e-01 2.816914e-10
2.548300e-01 2.102966e-10
2.942730e-01 1.557550e-10
3.398210e-01 1.137063e-10
3.924190e-01 8.455648e-11
4.531580e-01 6.273596e-11
5.232990e-01 4.645349e-11
6.042960e-01 3.414356e-11
6.978310e-01 2.557106e-11
8.058420e-01 1.913851e-11
9.305720e-01 1.430365e-11
1.074610e+00 1.057490e-11
1.240940e+00 7.970380e-12
1.433010e+00 5.994595e-12
1.654820e+00 4.497297e-12
1.910950e+00 3.331199e-12
2.206730e+00 2.516149e-12
2.548300e+00 1.895590e-12
2.942730e+00 1.423913e-12
3.398210e+00 1.055815e-12
3.924190e+00 7.973490e-13
4.531580e+00 6.001865e-13
5.232990e+00 4.501609e-13
6.042960e+00 3.334891e-13
6.978310e+00 2.515082e-13
8.058420e+00 1.892055e-13
9.305720e+00 1.419707e-13
1.074610e+01 1.053498e-13
1.240940e+01 7.961439e-14
1.433010e+01 6.002039e-14
1.654820e+01 4.511862e-14
1.910950e+01 3.345542e-14
2.206730e+01 2.528167e-14
2.548300e+01 1.904868e-14
2.942730e+01 1.430820e-14
3.398210e+01 1.058886e-14
3.924190e+01 8.000475e-15
4.531580e+01 6.030730e-15
5.232990e+01 4.534036e-15
6.042960e+01 3.357642e-15
6.978310e+01 2.540545e-15
8.058420e+01 1.917846e-15
9.305720e+01 1.443784e-15
1.074610e+02 1.069648e-15
1.240940e+02 8.096452e-16
1.433010e+02 6.111969e-16
1.654820e+02 4.599527e-16
1.910950e+02 3.404099e-16
2.206730e+02 2.574414e-16
2.548300e+02 1.941435e-16
2.942730e+02 1.459372e-16
3.398210e+02 1.078454e-16
3.924190e+02 8.145693e-17
4.531580e+02 6.134348e-17
5.232990e+02 4.604177e-17
6.042960e+02 3.395857e-17
6.978310e+02 2.560527e-17
8.058420e+02 1.924664e-17
9.305720e+02 1.441601e-17
1.074610e+03 1.060535e-17
1.240940e+03 7.978056e-18
1.433010e+03 5.981662e-18
1.654820e+03 4.467865e-18
1.910950e+03 3.275546e-18
2.206730e+03 2.456329e-18
2.548300e+03 1.835347e-18
2.942730e+03 1.365736e-18
3.398210e+03 9.965956e-19
3.924190e+03 7.441794e-19
4.531580e+03 5.534746e-19
5.232990e+03 4.097808e-19
6.042960e+03 2.971401e-19
6.978310e+03 2.206180e-19
8.058420e+03 1.630666e-19
9.305720e+03 1.199157e-19
1.074610e+04 8.621609e-20
1.240940e+04 6.352729e-20
1.433010e+04 4.656835e-20
1.654820e+04 3.393744e-20
1.910950e+04 2.412362e-20
2.206730e+04 1.759609e-20
2.548300e+04 1.275787e-20
2.942730e+04 9.187072e-21
3.398210e+04 6.431538e-21
3.924190e+04 4.628921e-21
4.531580e+04 3.307871e-21
5.232990e+04 2.344769e-21
6.042960e+04 1.608363e-21
6.978310e+04 1.137360e-21
8.058420e+04 7.974064e-22
9.305720e+04 5.536261e-22
1.074610e+05 3.695255e-22
1.240940e+05 2.553221e-22
1.433010e+05 1.745702e-22
1.654820e+05 1.179334e-22
1.910950e+05 7.587616e-23
2.206730e+05 5.084835e-23
2.548300e+05 3.363476e-23
2.942730e+05 2.191883e-23
3.398210e+05 1.341501e-23
3.924190e+05 8.634211e-24
4.531580e+05 5.467168e-24
5.232990e+05 3.397248e-24
6.042960e+05 1.941174e-24
6.978310e+05 1.184231e-24
8.058420e+05 7.076999e-25
9.305720e+05 4.129249e-25
1.074610e+06 2.143610e-25
1.240940e+06 1.217770e-25
1.433010e+06 6.739897e-26
1.654820e+06 3.618059e-26
1.910950e+06 1.638943e-26
2.206730e+06 8.464664e-27
2.548300e+06 4.230572e-27
2.942730e+06 2.033911e-27
3.398210e+06 7.557005e-28
3.924190e+06 3.431870e-28
4.531580e+06 1.496244e-28
5.232990e+06 6.214120e-29
6.042960e+06 1.711483e-29
6.978310e+06 6.497228e-30
8.058420e+06 2.348671e-30
9.305720e+06 8.040056e-31
1.074610e+07 1.369791e-31
1.240940e+07 3.978844e-32
1.433010e+07 1.086668e-32
1.654820e+07 2.848405e-33
1.910950e+07 2.286446e-34
2.206730e+07 4.326522e-35
2.548300e+07 7.313239e-36
2.942730e+07 1.210988e-36
3.398210e+07 3.479099e-38
3.924190e+07 3.241449e-39
4.531580e+07 2.312462e-40
5.232990e+07 1.496178e-41
6.042960e+07 1.023356e-43
6.978310e+07 2.829170e-45
8.058420e+07 3.387723e-47
9.305720e+07 0.000000e+00
