Ev [GeV]   dN_dEv [s^-1 GeV^-1]
3.398210e-02 3.035315e-07
3.924190e-02 2.919394e-07
4.531580e-02 2.765462e-07
5.232990e-02 2.586925e-07
6.042960e-02 2.365559e-07
6.978310e-02 2.110501e-07
8.058420e-02 1.824762e-07
9.305720e-02 1.518951e-07
1.074610e-01 1.205356e-07
1.240940e-01 9.462486e-08
1.433010e-01 7.303546e-08
1.654820e-01 5.556906e-08
1.910950e-01 4.111345e-08
2.206730e-01 3.087907e-08
2.548300e-01 2.302456e-08
2.942730e-01 1.704452e-08
3.398210e-01 1.243949e-08
3.924190e-01 9.249769e-09
4.531580e-01 6.862309e-09
5.232990e-01 5.080897e-09
6.042960e-01 3.734244e-09
6.978310e-01 2.796522e-09
8.058420e-01 2.092919e-09
9.305720e-01 1.564104e-09
1.074610e+00 1.156288e-09
1.240940e+00 8.714489e-10
1.433010e+00 6.553793e-10
1.654820e+00 4.916478e-10
1.910950e+00 3.641386e-10
2.206730e+00 2.750217e-10
2.548300e+00 2.071754e-10
2.942730e+00 1.556096e-10
3.398210e+00 1.153694e-10
3.924190e+00 8.711701e-11
4.531580e+00 6.556782e-11
5.232990e+00 4.917154e-11
6.042960e+00 3.642157e-11
6.978310e+00 2.746385e-11
8.058420e+00 2.065703e-11
9.305720e+00 1.549713e-11
1.074610e+01 1.149714e-11
1.240940e+01 8.686680e-12
1.433010e+01 6.547208e-12
1.654820e+01 4.920369e-12
1.910950e+01 3.647259e-12
2.206730e+01 2.755307e-12
2.548300e+01 2.075277e-12
2.942730e+01 1.558208e-12
3.398210e+01 1.152599e-12
3.924190e+01 8.704511e-13
4.531580e+01 6.558052e-13
5.232990e+01 4.927641e-13
6.042960e+01 3.646511e-13
6.978310e+01 2.757241e-13
8.058420e+01 2.079868e-13
9.305720e+01 1.564448e-13
1.074610e+02 1.157830e-13
1.240940e+02 8.755276e-14
1.433010e+02 6.602054e-14
1.654820e+02 4.962272e-14
1.910950e+02 3.666905e-14
2.206730e+02 2.769164e-14
2.548300e+02 2.084946e-14
2.942730e+02 1.564448e-14
3.398210e+02 1.153519e-14
3.924190e+02 8.694415e-15
4.531580e+02 6.532414e-15
5.232990e+02 4.890318e-15
6.042960e+02 3.595260e-15
6.978310e+02 2.702751e-15
8.058420e+02 2.024844e-15
9.305720e+02 1.511085e-15
1.074610e+03 1.106547e-15
1.240940e+03 8.288913e-16
1.433010e+03 6.185815e-16
1.654820e+03 4.596667e-16
1.910950e+03 3.348245e-16
2.206730e+03 2.496060e-16
2.548300e+03 1.853010e-16
2.942730e+03 1.369112e-16
3.398210e+03 9.901421e-17
3.924190e+03 7.333905e-17
4.531580e+03 5.406438e-17
5.232990e+03 3.964163e-17
6.042960e+03 2.839421e-17
6.978310e+03 2.085136e-17
8.058420e+03 1.522854e-17
9.305720e+03 1.105315e-17
1.074610e+04 7.815573e-18
1.240940e+04 5.674416e-18
1.433010e+04 4.093430e-18
1.654820e+04 2.931400e-18
1.910950e+04 2.037361e-18
2.206730e+04 1.457117e-18
2.548300e+04 1.034153e-18
2.942730e+04 7.275702e-19
3.398210e+04 4.941332e-19
3.924190e+04 3.464711e-19
4.531580e+04 2.406750e-19
5.232990e+04 1.654126e-19
6.042960e+04 1.089117e-19
6.978310e+04 7.439409e-20
8.058420e+04 5.023465e-20
9.305720e+04 3.347711e-20
1.074610e+05 2.113538e-20
1.240940e+05 1.394630e-20
1.433010e+05 9.071279e-21
1.654820e+05 5.803541e-21
1.910950e+05 3.459325e-21
2.206730e+05 2.180295e-21
2.548300e+05 1.349501e-21
2.942730e+05 8.179363e-22
3.398210e+05 4.501579e-22
3.924190e+05 2.669164e-22
4.531580e+05 1.546712e-22
5.232990e+05 8.726115e-23
6.042960e+05 4.291745e-23
6.978310e+05 2.345533e-23
8.058420e+05 1.245207e-23
9.305720e+05 6.388756e-24
1.074610e+06 2.673589e-24
1.240940e+06 1.309805e-24
1.433010e+06 6.187808e-25
1.654820e+06 2.799594e-25
1.910950e+06 9.231202e-26
2.206730e+06 3.895401e-26
2.548300e+06 1.572148e-26
2.942730e+06 6.020387e-27
3.398210e+06 1.371211e-27
3.924190e+06 4.672856e-28
4.531580e+06 1.510017e-28
5.232990e+06 4.637727e-29
6.042960e+06 5.800611e-30
6.978310e+06 1.419687e-30
8.058420e+06 3.215501e-31
9.305720e+06 7.071918e-32
1.074610e+07 3.674593e-33
1.240940e+07 5.244320e-34
1.433010e+07 6.324478e-35
1.654820e+07 7.392702e-36
1.910950e+07 1.176955e-37
2.206730e+07 6.846044e-39
2.548300e+07 2.723263e-40
2.942730e+07 8.515261e-42
3.398210e+07 2.470636e-44
3.924190e+07 3.217186e-46
4.531580e+07 1.937065e-48
5.232990e+07 5.203675e-51
6.042960e+07 9.447502e-55
6.978310e+07 5.479329e-58
8.058420e+07 7.167516e-62
9.305720e+07 0.000000e+00
