Ev [GeV]   dN_dEv [s^-1 GeV^-1]
3.398210e-02 7.049650e-08
3.924190e-02 6.780419e-08
4.531580e-02 6.422906e-08
5.232990e-02 6.008245e-08
6.042960e-02 5.494113e-08
6.978310e-02 4.901729e-08
8.058420e-02 4.238089e-08
9.305720e-02 3.527828e-08
1.074610e-01 2.799492e-08
1.240940e-01 2.197703e-08
1.433010e-01 1.696280e-08
1.654820e-01 1.290615e-08
1.910950e-01 9.548775e-09
2.206730e-01 7.171797e-09
2.548300e-01 5.347553e-09
2.942730e-01 3.958664e-09
3.398210e-01 2.889125e-09
3.924190e-01 2.148299e-09
4.531580e-01 1.593801e-09
5.232990e-01 1.180060e-09
6.042960e-01 8.672942e-10
6.978310e-01 6.495042e-10
8.058420e-01 4.860894e-10
9.305720e-01 3.632699e-10
1.074610e+00 2.685528e-10
1.240940e+00 2.023978e-10
1.433010e+00 1.522147e-10
1.654820e+00 1.141873e-10
1.910950e+00 8.457277e-11
2.206730e+00 6.387499e-11
2.548300e+00 4.811737e-11
2.942730e+00 3.614100e-11
3.398210e+00 2.679505e-11
3.924190e+00 2.023330e-11
4.531580e+00 1.522841e-11
5.232990e+00 1.142030e-11
6.042960e+00 8.459068e-12
6.978310e+00 6.378599e-12
8.058420e+00 4.797685e-12
9.305720e+00 3.599276e-12
1.074610e+01 2.670261e-12
1.240940e+01 2.017519e-12
1.433010e+01 1.520617e-12
1.654820e+01 1.142777e-12
1.910950e+01 8.470916e-13
2.206730e+01 6.399319e-13
2.548300e+01 4.819921e-13
2.942730e+01 3.619005e-13
3.398210e+01 2.676962e-13
3.924190e+01 2.021660e-13
4.531580e+01 1.523136e-13
5.232990e+01 1.144466e-13
6.042960e+01 8.469180e-14
6.978310e+01 6.403811e-14
8.058420e+01 4.830584e-14
9.305720e+01 3.633498e-14
1.074610e+02 2.689111e-14
1.240940e+02 2.033451e-14
1.433010e+02 1.533356e-14
1.654820e+02 1.152509e-14
1.910950e+02 8.516545e-15
2.206730e+02 6.431502e-15
2.548300e+02 4.842377e-15
2.942730e+02 3.633498e-15
3.398210e+02 2.679097e-15
3.924190e+02 2.019316e-15
4.531580e+02 1.517181e-15
5.232990e+02 1.135797e-15
6.042960e+02 8.350146e-16
6.978310e+02 6.277255e-16
8.058420e+02 4.702788e-16
9.305720e+02 3.509560e-16
1.074610e+03 2.570003e-16
1.240940e+03 1.925136e-16
1.433010e+03 1.436682e-16
1.654820e+03 1.067596e-16
1.910950e+03 7.776443e-17
2.206730e+03 5.797208e-17
2.548300e+03 4.303696e-17
2.942730e+03 3.179821e-17
3.398210e+03 2.299648e-17
3.924190e+03 1.703331e-17
4.531580e+03 1.255669e-17
5.232990e+03 9.206940e-18
6.042960e+03 6.594678e-18
6.978310e+03 4.842818e-18
8.058420e+03 3.536894e-18
9.305720e+03 2.567142e-18
1.074610e+04 1.815201e-18
1.240940e+04 1.317908e-18
1.433010e+04 9.507169e-19
1.654820e+04 6.808304e-19
1.910950e+04 4.731858e-19
2.206730e+04 3.384217e-19
2.548300e+04 2.401865e-19
2.942730e+04 1.689813e-19
3.398210e+04 1.147646e-19
3.924190e+04 8.046942e-20
4.531580e+04 5.589781e-20
5.232990e+04 3.841779e-20
6.042960e+04 2.529520e-20
6.978310e+04 1.727835e-20
8.058420e+04 1.166721e-20
9.305720e+04 7.775203e-21
1.074610e+05 4.908783e-21
1.240940e+05 3.239089e-21
1.433010e+05 2.106844e-21
1.654820e+05 1.347898e-21
1.910950e+05 8.034432e-22
2.206730e+05 5.063829e-22
2.548300e+05 3.134274e-22
2.942730e+05 1.899692e-22
3.398210e+05 1.045511e-22
3.924190e+05 6.199249e-23
4.531580e+05 3.592305e-23
5.232990e+05 2.026678e-23
6.042960e+05 9.967762e-24
6.978310e+05 5.447602e-24
8.058420e+05 2.892046e-24
9.305720e+05 1.483816e-24
1.074610e+06 6.209527e-25
1.240940e+06 3.042078e-25
1.433010e+06 1.437145e-25
1.654820e+06 6.502179e-26
1.910950e+06 2.143987e-26
2.206730e+06 9.047236e-27
2.548300e+06 3.651381e-27
2.942730e+06 1.398261e-27
3.398210e+06 3.184698e-28
3.924190e+06 1.085291e-28
4.531580e+06 3.507080e-29
5.232990e+06 1.077132e-29
6.042960e+06 1.347217e-30
6.978310e+06 3.297284e-31
8.058420e+06 7.468141e-32
9.305720e+06 1.642483e-32
1.074610e+07 8.534400e-34
1.240940e+07 1.218016e-34
1.433010e+07 1.468887e-35
1.654820e+07 1.716987e-36
1.910950e+07 2.733528e-38
2.206730e+07 1.590023e-39
2.548300e+07 6.324896e-41
2.942730e+07 1.977706e-42
3.398210e+07 5.738160e-45
3.924190e+07 7.472054e-47
4.531580e+07 4.498916e-49
5.232990e+07 1.208576e-51
6.042960e+07 2.194223e-55
6.978310e+07 1.272598e-58
8.058420e+07 1.664687e-62
9.305720e+07 0.000000e+00
