Ev [GeV]   dN_dEv [s^-1 GeV^-1]
3.398210e-02 3.964493e-07
3.924190e-02 3.813086e-07
4.531580e-02 3.612032e-07
5.232990e-02 3.378841e-07
6.042960e-02 3.089710e-07
6.978310e-02 2.756572e-07
8.058420e-02 2.383363e-07
9.305720e-02 1.983936e-07
1.074610e-01 1.574343e-07
1.240940e-01 1.235917e-07
1.433010e-01 9.539325e-08
1.654820e-01 7.258000e-08
1.910950e-01 5.369919e-08
2.206730e-01 4.033185e-08
2.548300e-01 3.007289e-08
2.942730e-01 2.226223e-08
3.398210e-01 1.624750e-08
3.924190e-01 1.208133e-08
4.531580e-01 8.963016e-09
5.232990e-01 6.636274e-09
6.042960e-01 4.877379e-09
6.978310e-01 3.652600e-09
8.058420e-01 2.733608e-09
9.305720e-01 2.042911e-09
1.074610e+00 1.510254e-09
1.240940e+00 1.138219e-09
1.433010e+00 8.560056e-10
1.654820e+00 6.421522e-10
1.910950e+00 4.756096e-10
2.206730e+00 3.592121e-10
2.548300e+00 2.705964e-10
2.942730e+00 2.032452e-10
3.398210e+00 1.506866e-10
3.924190e+00 1.137855e-10
4.531580e+00 8.563961e-11
5.232990e+00 6.422405e-11
6.042960e+00 4.757103e-11
6.978310e+00 3.587116e-11
8.058420e+00 2.698061e-11
9.305720e+00 2.024115e-11
1.074610e+01 1.501667e-11
1.240940e+01 1.134587e-11
1.433010e+01 8.551456e-12
1.654820e+01 6.426604e-12
1.910950e+01 4.763766e-12
2.206730e+01 3.598768e-12
2.548300e+01 2.710566e-12
2.942730e+01 2.035210e-12
3.398210e+01 1.505436e-12
3.924190e+01 1.136916e-12
4.531580e+01 8.565619e-13
5.232990e+01 6.436103e-13
6.042960e+01 4.762790e-13
6.978310e+01 3.601294e-13
8.058420e+01 2.716563e-13
9.305720e+01 2.043361e-13
1.074610e+02 1.512268e-13
1.240940e+02 1.143546e-13
1.433010e+02 8.623092e-14
1.654820e+02 6.481334e-14
1.910950e+02 4.789427e-14
2.206730e+02 3.616867e-14
2.548300e+02 2.723195e-14
2.942730e+02 2.043361e-14
3.398210e+02 1.506637e-14
3.924190e+02 1.135597e-14
4.531580e+02 8.532133e-15
5.232990e+02 6.387354e-15
6.042960e+02 4.695850e-15
6.978310e+02 3.530123e-15
8.058420e+02 2.644695e-15
9.305720e+02 1.973662e-15
1.074610e+03 1.445286e-15
1.240940e+03 1.082633e-15
1.433010e+03 8.079432e-16
1.654820e+03 6.003809e-16
1.910950e+03 4.373218e-16
2.206730e+03 3.260160e-16
2.548300e+03 2.420258e-16
2.942730e+03 1.788227e-16
3.398210e+03 1.293247e-16
3.924190e+03 9.578978e-17
4.531580e+03 7.061470e-17
5.232990e+03 5.177682e-17
6.042960e+03 3.708631e-17
6.978310e+03 2.723443e-17
8.058420e+03 1.989034e-17
9.305720e+03 1.443677e-17
1.074610e+04 1.020810e-17
1.240940e+04 7.411483e-18
1.433010e+04 5.346521e-18
1.654820e+04 3.828768e-18
1.910950e+04 2.661042e-18
2.206730e+04 1.903173e-18
2.548300e+04 1.350730e-18
2.942730e+04 9.502957e-19
3.398210e+04 6.453985e-19
3.924190e+04 4.525337e-19
4.531580e+04 3.143510e-19
5.232990e+04 2.160491e-19
6.042960e+04 1.422520e-19
6.978310e+04 9.716779e-20
8.058420e+04 6.561260e-20
9.305720e+04 4.372521e-20
1.074610e+05 2.760539e-20
1.240940e+05 1.821558e-20
1.433010e+05 1.184820e-20
1.654820e+05 7.580136e-21
1.910950e+05 4.518302e-21
2.206730e+05 2.847732e-21
2.548300e+05 1.762613e-21
2.942730e+05 1.068325e-21
3.398210e+05 5.879613e-22
3.924190e+05 3.486255e-22
4.531580e+05 2.020195e-22
5.232990e+05 1.139738e-22
6.042960e+05 5.605544e-23
6.978310e+05 3.063554e-23
8.058420e+05 1.626392e-23
9.305720e+05 8.344498e-24
1.074610e+06 3.492035e-24
1.240940e+06 1.710765e-24
1.433010e+06 8.082035e-25
1.654820e+06 3.656613e-25
1.910950e+06 1.205708e-25
2.206730e+06 5.087870e-26
2.548300e+06 2.053417e-26
2.942730e+06 7.863363e-27
3.398210e+06 1.790970e-27
3.924190e+06 6.103322e-28
4.531580e+06 1.972267e-28
5.232990e+06 6.057439e-29
6.042960e+06 7.576308e-30
6.978310e+06 1.854285e-30
8.058420e+06 4.199839e-31
9.305720e+06 9.236791e-32
1.074610e+07 4.799468e-33
1.240940e+07 6.849724e-34
1.433010e+07 8.260543e-35
1.654820e+07 9.655774e-36
1.910950e+07 1.537247e-37
2.206730e+07 8.941772e-39
2.548300e+07 3.556915e-40
2.942730e+07 1.112197e-41
3.398210e+07 3.226954e-44
3.924190e+07 4.202039e-46
4.531580e+07 2.530043e-48
5.232990e+07 6.796637e-51
6.042960e+07 1.233959e-54
6.978310e+07 7.156675e-58
8.058420e+07 9.361654e-62
9.305720e+07 0.000000e+00
