Ev [GeV]   dN_dEv [s^-1 GeV^-1]
3.398210e-02 7.784030e-09
3.924190e-02 7.495784e-09
4.531580e-02 7.110723e-09
5.232990e-02 6.664342e-09
6.042960e-02 6.114727e-09
6.978310e-02 5.474171e-09
8.058420e-02 4.754545e-09
9.305720e-02 3.980910e-09
1.074610e-01 3.192755e-09
1.240940e-01 2.522914e-09
1.433010e-01 1.958781e-09
1.654820e-01 1.498184e-09
1.910950e-01 1.116449e-09
2.206730e-01 8.404772e-10
2.548300e-01 6.274579e-10
2.942730e-01 4.647232e-10
3.398210e-01 3.392633e-10
3.924190e-01 2.522895e-10
4.531580e-01 1.871841e-10
5.232990e-01 1.386024e-10
6.042960e-01 1.018735e-10
6.978310e-01 7.629589e-11
8.058420e-01 5.710318e-11
9.305720e-01 4.267752e-11
1.074610e+00 3.155212e-11
1.240940e+00 2.378107e-11
1.433010e+00 1.788596e-11
1.654820e+00 1.341850e-11
1.910950e+00 9.939232e-12
2.206730e+00 7.507384e-12
2.548300e+00 5.655834e-12
2.942730e+00 4.248502e-12
3.398210e+00 3.150216e-12
3.924190e+00 2.379035e-12
4.531580e+00 1.790765e-12
5.232990e+00 1.343136e-12
6.042960e+00 9.950248e-13
6.978310e+00 7.504201e-13
8.058420e+00 5.645287e-13
9.305720e+00 4.235953e-13
1.074610e+01 3.143302e-13
1.240940e+01 2.375439e-13
1.433010e+01 1.790817e-13
1.654820e+01 1.346195e-13
1.910950e+01 9.982028e-14
2.206730e+01 7.543243e-14
2.548300e+01 5.683519e-14
2.942730e+01 4.269109e-14
3.398210e+01 3.159377e-14
3.924190e+01 2.387086e-14
4.531580e+01 1.799377e-14
5.232990e+01 1.352811e-14
6.042960e+01 1.001813e-14
6.978310e+01 7.580175e-15
8.058420e+01 5.722241e-15
9.305720e+01 4.307790e-15
1.074610e+02 3.191488e-15
1.240940e+02 2.415723e-15
1.433010e+02 1.823616e-15
1.654820e+02 1.372352e-15
1.910950e+02 1.015674e-15
2.206730e+02 7.681228e-16
2.548300e+02 5.792622e-16
2.942730e+02 4.354300e-16
3.398210e+02 3.217763e-16
3.924190e+02 2.430415e-16
4.531580e+02 1.830293e-16
5.232990e+02 1.373739e-16
6.042960e+02 1.013215e-16
6.978310e+02 7.639795e-17
8.058420e+02 5.742583e-17
9.305720e+02 4.301275e-17
1.074610e+03 3.164299e-17
1.240940e+03 2.380397e-17
1.433010e+03 1.784737e-17
1.654820e+03 1.333068e-17
1.910950e+03 9.773182e-18
2.206730e+03 7.328899e-18
2.548300e+03 5.476089e-18
2.942730e+03 4.074921e-18
3.398210e+03 2.973523e-18
3.924190e+03 2.220394e-18
4.531580e+03 1.651391e-18
5.232990e+03 1.222655e-18
6.042960e+03 8.865712e-19
6.978310e+03 6.582536e-19
8.058420e+03 4.865387e-19
9.305720e+03 3.577903e-19
1.074610e+04 2.572412e-19
1.240940e+04 1.895451e-19
1.433010e+04 1.389451e-19
1.654820e+04 1.012585e-19
1.910950e+04 7.197718e-20
2.206730e+04 5.250112e-20
2.548300e+04 3.806540e-20
2.942730e+04 2.741129e-20
3.398210e+04 1.918965e-20
3.924190e+04 1.381122e-20
4.531580e+04 9.869631e-21
5.232990e+04 6.996041e-21
6.042960e+04 4.798843e-21
6.978310e+04 3.393518e-21
8.058420e+04 2.379206e-21
9.305720e+04 1.651843e-21
1.074610e+05 1.102546e-21
1.240940e+05 7.617997e-22
1.433010e+05 5.208617e-22
1.654820e+05 3.518757e-22
1.910950e+05 2.263902e-22
2.206730e+05 1.517152e-22
2.548300e+05 1.003554e-22
2.942730e+05 6.539877e-23
3.398210e+05 4.002610e-23
3.924190e+05 2.576173e-23
4.531580e+05 1.631228e-23
5.232990e+05 1.013630e-23
6.042960e+05 5.791843e-24
6.978310e+05 3.533366e-24
8.058420e+05 2.111550e-24
9.305720e+05 1.232036e-24
1.074610e+06 6.395847e-25
1.240940e+06 3.633437e-25
1.433010e+06 2.010970e-25
1.654820e+06 1.079513e-25
1.910950e+06 4.890082e-26
2.206730e+06 2.525585e-26
2.548300e+06 1.262268e-26
2.942730e+06 6.068542e-27
3.398210e+06 2.254769e-27
3.924190e+06 1.023960e-27
4.531580e+06 4.464313e-28
5.232990e+06 1.854095e-28
6.042960e+06 5.106518e-29
6.978310e+06 1.938565e-29
8.058420e+06 7.007684e-30
9.305720e+06 2.398896e-30
1.074610e+07 4.087018e-31
1.240940e+07 1.187160e-31
1.433010e+07 3.242271e-32
1.654820e+07 8.498729e-33
1.910950e+07 6.822026e-34
2.206730e+07 1.290896e-34
2.548300e+07 2.182037e-35
2.942730e+07 3.613202e-36
3.398210e+07 1.038052e-37
3.924190e+07 9.671447e-39
4.531580e+07 6.899646e-40
5.232990e+07 4.464118e-41
6.042960e+07 3.053368e-43
6.978310e+07 8.441339e-45
8.058420e+07 1.010788e-46
9.305720e+07 0.000000e+00
