Ev [GeV]   dN_dEv [s^-1 GeV^-1]
3.398210e-02 1.049047e-05
3.924190e-02 1.008984e-05
4.531580e-02 9.557826e-06
5.232990e-02 8.940775e-06
6.042960e-02 8.175705e-06
6.978310e-02 7.294186e-06
8.058420e-02 6.306635e-06
9.305720e-02 5.249707e-06
1.074610e-01 4.165881e-06
1.240940e-01 3.270368e-06
1.433010e-01 2.524208e-06
1.654820e-01 1.920545e-06
1.910950e-01 1.420938e-06
2.206730e-01 1.067224e-06
2.548300e-01 7.957611e-07
2.942730e-01 5.890826e-07
3.398210e-01 4.299263e-07
3.924190e-01 3.196850e-07
4.531580e-01 2.371710e-07
5.232990e-01 1.756029e-07
6.042960e-01 1.290607e-07
6.978310e-01 9.665171e-08
8.058420e-01 7.233420e-08
9.305720e-01 5.405763e-08
1.074610e+00 3.996293e-08
1.240940e+00 3.011850e-08
1.433010e+00 2.265083e-08
1.654820e+00 1.699204e-08
1.910950e+00 1.258514e-08
2.206730e+00 9.505137e-09
2.548300e+00 7.160271e-09
2.942730e+00 5.378086e-09
3.398210e+00 3.987330e-09
3.924190e+00 3.010886e-09
4.531580e+00 2.266116e-09
5.232990e+00 1.699437e-09
6.042960e+00 1.258781e-09
6.978310e+00 9.491893e-10
8.058420e+00 7.139360e-10
9.305720e+00 5.356027e-10
1.074610e+01 3.973574e-10
1.240940e+01 3.002239e-10
1.433010e+01 2.262807e-10
1.654820e+01 1.700549e-10
1.910950e+01 1.260544e-10
2.206730e+01 9.522727e-11
2.548300e+01 7.172449e-11
2.942730e+01 5.385385e-11
3.398210e+01 3.983545e-11
3.924190e+01 3.008401e-11
4.531580e+01 2.266555e-11
5.232990e+01 1.703062e-11
6.042960e+01 1.260285e-11
6.978310e+01 9.529411e-12
8.058420e+01 7.188317e-12
9.305720e+01 5.406952e-12
1.074610e+02 4.001624e-12
1.240940e+02 3.025946e-12
1.433010e+02 2.281763e-12
1.654820e+02 1.715031e-12
1.910950e+02 1.267334e-12
2.206730e+02 9.570619e-13
2.548300e+02 7.205866e-13
2.942730e+02 5.406952e-13
3.398210e+02 3.986723e-13
3.924190e+02 3.004912e-13
4.531580e+02 2.257694e-13
5.232990e+02 1.690163e-13
6.042960e+02 1.242572e-13
6.978310e+02 9.341085e-14
8.058420e+02 6.998146e-14
9.305720e+02 5.222522e-14
1.074610e+03 3.824381e-14
1.240940e+03 2.864765e-14
1.433010e+03 2.137904e-14
1.654820e+03 1.588673e-14
1.910950e+03 1.157200e-14
2.206730e+03 8.626735e-15
2.548300e+03 6.404262e-15
2.942730e+03 4.731842e-15
3.398210e+03 3.422070e-15
3.924190e+03 2.534701e-15
4.531580e+03 1.868541e-15
5.232990e+03 1.370070e-15
6.042960e+03 9.813437e-16
6.978310e+03 7.206522e-16
8.058420e+03 5.263196e-16
9.305720e+03 3.820125e-16
1.074610e+04 2.701172e-16
1.240940e+04 1.961158e-16
1.433010e+04 1.414747e-16
1.654820e+04 1.013133e-16
1.910950e+04 7.041404e-17
2.206730e+04 5.036000e-17
2.548300e+04 3.574178e-17
2.942730e+04 2.514585e-17
3.398210e+04 1.707794e-17
3.924190e+04 1.197453e-17
4.531580e+04 8.318066e-18
5.232990e+04 5.716892e-18
6.042960e+04 3.764140e-18
6.978310e+04 2.571164e-18
8.058420e+04 1.736180e-18
9.305720e+04 1.157016e-18
1.074610e+05 7.304683e-19
1.240940e+05 4.820039e-19
1.433010e+05 3.135161e-19
1.654820e+05 2.005785e-19
1.910950e+05 1.195591e-19
2.206730e+05 7.535406e-20
2.548300e+05 4.664064e-20
2.942730e+05 2.826903e-20
3.398210e+05 1.555809e-20
3.924190e+05 9.225006e-21
4.531580e+05 5.345653e-21
5.232990e+05 3.015868e-21
6.042960e+05 1.483287e-21
6.978310e+05 8.106492e-22
8.058420e+05 4.303609e-22
9.305720e+05 2.208044e-22
1.074610e+06 9.240300e-23
1.240940e+06 4.526869e-23
1.433010e+06 2.138593e-23
1.654820e+06 9.675791e-24
1.910950e+06 3.190433e-24
2.206730e+06 1.346305e-24
2.548300e+06 5.433563e-25
2.942730e+06 2.080730e-25
3.398210e+06 4.739099e-26
3.924190e+06 1.615004e-26
4.531580e+06 5.218832e-27
5.232990e+06 1.602864e-27
6.042960e+06 2.004773e-28
6.978310e+06 4.906636e-29
8.058420e+06 1.111322e-29
9.305720e+06 2.444154e-30
1.074610e+07 1.269991e-31
1.240940e+07 1.812511e-32
1.433010e+07 2.185829e-33
1.654820e+07 2.555021e-34
1.910950e+07 4.067720e-36
2.206730e+07 2.366089e-37
2.548300e+07 9.411979e-39
2.942730e+07 2.942994e-40
3.398210e+07 8.538866e-43
3.924190e+07 1.111905e-44
4.531580e+07 6.694767e-47
5.232990e+07 1.798463e-49
6.042960e+07 3.265189e-53
6.978310e+07 1.893733e-56
8.058420e+07 2.477194e-60
9.305720e+07 0.000000e+00
