Ev [GeV]   dN_dEv [s^-1 GeV^-1]
3.398210e-02 4.805485e-09
3.924190e-02 4.627536e-09
4.531580e-02 4.389818e-09
5.232990e-02 4.114243e-09
6.042960e-02 3.774937e-09
6.978310e-02 3.379489e-09
8.058420e-02 2.935227e-09
9.305720e-02 2.457622e-09
1.074610e-01 1.971053e-09
1.240940e-01 1.557526e-09
1.433010e-01 1.209257e-09
1.654820e-01 9.249066e-10
1.910950e-01 6.892417e-10
2.206730e-01 5.188701e-10
2.548300e-01 3.873623e-10
2.942730e-01 2.868977e-10
3.398210e-01 2.094448e-10
3.924190e-01 1.557514e-10
4.531580e-01 1.155584e-10
5.232990e-01 8.556642e-11
6.042960e-01 6.289177e-11
6.978310e-01 4.710140e-11
8.058420e-01 3.525275e-11
9.305720e-01 2.634704e-11
1.074610e+00 1.947876e-11
1.240940e+00 1.468128e-11
1.433010e+00 1.104193e-11
1.654820e+00 8.283933e-12
1.910950e+00 6.136003e-12
2.206730e+00 4.634697e-12
2.548300e+00 3.491640e-12
2.942730e+00 2.622820e-12
3.398210e+00 1.944791e-12
3.924190e+00 1.468701e-12
4.531580e+00 1.105532e-12
5.232990e+00 8.291876e-13
6.042960e+00 6.142803e-13
6.978310e+00 4.632732e-13
8.058420e+00 3.485128e-13
9.305720e+00 2.615073e-13
1.074610e+01 1.940523e-13
1.240940e+01 1.466482e-13
1.433010e+01 1.105564e-13
1.654820e+01 8.310761e-14
1.910950e+01 6.162423e-14
2.206730e+01 4.656835e-14
2.548300e+01 3.508730e-14
2.942730e+01 2.635542e-14
3.398210e+01 1.950447e-14
3.924190e+01 1.473672e-14
4.531580e+01 1.110849e-14
5.232990e+01 8.351605e-15
6.042960e+01 6.184711e-15
6.978310e+01 4.679635e-15
8.058420e+01 3.532636e-15
9.305720e+01 2.659422e-15
1.074610e+02 1.970271e-15
1.240940e+02 1.491351e-15
1.433010e+02 1.125813e-15
1.654820e+02 8.472239e-16
1.910950e+02 6.270283e-16
2.206730e+02 4.742020e-16
2.548300e+02 3.576085e-16
2.942730e+02 2.688135e-16
3.398210e+02 1.986492e-16
3.924190e+02 1.500421e-16
4.531580e+02 1.129935e-16
5.232990e+02 8.480805e-17
6.042960e+02 6.255102e-17
6.978310e+02 4.716441e-17
8.058420e+02 3.545194e-17
9.305720e+02 2.655400e-17
1.074610e+03 1.953485e-17
1.240940e+03 1.469542e-17
1.433010e+03 1.101810e-17
1.654820e+03 8.229719e-18
1.910950e+03 6.033491e-18
2.206730e+03 4.524509e-18
2.548300e+03 3.380673e-18
2.942730e+03 2.515660e-18
3.398210e+03 1.835710e-18
3.924190e+03 1.370764e-18
4.531580e+03 1.019489e-18
5.232990e+03 7.548081e-19
6.042960e+03 5.473263e-19
6.978310e+03 4.063740e-19
8.058420e+03 3.003656e-19
9.305720e+03 2.208825e-19
1.074610e+04 1.588083e-19
1.240940e+04 1.170160e-19
1.433010e+04 8.577798e-20
1.654820e+04 6.251211e-20
1.910950e+04 4.443524e-20
2.206730e+04 3.241166e-20
2.548300e+04 2.349974e-20
2.942730e+04 1.692241e-20
3.398210e+04 1.184677e-20
3.924190e+04 8.526381e-21
4.531580e+04 6.093034e-21
5.232990e+04 4.319018e-21
6.042960e+04 2.962574e-21
6.978310e+04 2.094994e-21
8.058420e+04 1.468807e-21
9.305720e+04 1.019768e-21
1.074610e+05 6.806588e-22
1.240940e+05 4.702984e-22
1.433010e+05 3.215549e-22
1.654820e+05 2.172311e-22
1.910950e+05 1.397624e-22
2.206730e+05 9.366167e-23
2.548300e+05 6.195458e-23
2.942730e+05 4.037405e-23
3.398210e+05 2.471018e-23
3.924190e+05 1.590405e-23
4.531580e+05 1.007042e-23
5.232990e+05 6.257664e-24
6.042960e+05 3.575604e-24
6.978310e+05 2.181330e-24
8.058420e+05 1.303569e-24
9.305720e+05 7.605995e-25
1.074610e+06 3.948487e-25
1.240940e+06 2.243109e-25
1.433010e+06 1.241476e-25
1.654820e+06 6.664394e-26
1.910950e+06 3.018901e-26
2.206730e+06 1.559175e-26
2.548300e+06 7.792632e-27
2.942730e+06 3.746425e-27
3.398210e+06 1.391986e-27
3.924190e+06 6.321438e-28
4.531580e+06 2.756052e-28
5.232990e+06 1.144629e-28
6.042960e+06 3.152518e-29
6.978310e+06 1.196777e-29
8.058420e+06 4.326206e-30
9.305720e+06 1.480963e-30
1.074610e+07 2.523128e-31
1.240940e+07 7.328954e-32
1.433010e+07 2.001622e-32
1.654820e+07 5.246706e-33
1.910950e+07 4.211590e-34
2.206730e+07 7.969370e-35
2.548300e+07 1.347084e-35
2.942730e+07 2.230617e-36
3.398210e+07 6.408433e-38
3.924190e+07 5.970685e-39
4.531580e+07 4.259509e-40
5.232990e+07 2.755931e-41
6.042960e+07 1.885002e-43
6.978310e+07 5.211276e-45
8.058420e+07 6.240119e-47
9.305720e+07 0.000000e+00
