Ev [GeV]   dN_dEv [s^-1 GeV^-1]
3.398210e-02 8.337275e-10
3.924190e-02 8.028542e-10
4.531580e-02 7.616113e-10
5.232990e-02 7.138006e-10
6.042960e-02 6.549327e-10
6.978310e-02 5.863245e-10
8.058420e-02 5.092471e-10
9.305720e-02 4.263851e-10
1.074610e-01 3.419678e-10
1.240940e-01 2.702229e-10
1.433010e-01 2.098001e-10
1.654820e-01 1.604667e-10
1.910950e-01 1.195800e-10
2.206730e-01 9.002136e-11
2.548300e-01 6.720541e-11
2.942730e-01 4.977531e-11
3.398210e-01 3.633763e-11
3.924190e-01 2.702208e-11
4.531580e-01 2.004880e-11
5.232990e-01 1.484534e-11
6.042960e-01 1.091141e-11
6.978310e-01 8.171857e-12
8.058420e-01 6.116176e-12
9.305720e-01 4.571080e-12
1.074610e+00 3.379467e-12
1.240940e+00 2.547129e-12
1.433010e+00 1.915719e-12
1.654820e+00 1.437221e-12
1.910950e+00 1.064566e-12
2.206730e+00 8.040967e-13
2.548300e+00 6.057819e-13
2.942730e+00 4.550461e-13
3.398210e+00 3.374116e-13
3.924190e+00 2.548123e-13
4.531580e+00 1.918042e-13
5.232990e+00 1.438599e-13
6.042960e+00 1.065746e-13
6.978310e+00 8.037557e-14
8.058420e+00 6.046522e-14
9.305720e+00 4.537021e-14
1.074610e+01 3.366710e-14
1.240940e+01 2.544272e-14
1.433010e+01 1.918098e-14
1.654820e+01 1.441875e-14
1.910950e+01 1.069149e-14
2.206730e+01 8.079374e-15
2.548300e+01 6.087471e-15
2.942730e+01 4.572533e-15
3.398210e+01 3.383928e-15
3.924190e+01 2.556747e-15
4.531580e+01 1.927267e-15
5.232990e+01 1.448962e-15
6.042960e+01 1.073016e-15
6.978310e+01 8.118931e-16
8.058420e+01 6.128945e-16
9.305720e+01 4.613963e-16
1.074610e+02 3.418321e-16
1.240940e+02 2.587418e-16
1.433010e+02 1.953229e-16
1.654820e+02 1.469891e-16
1.910950e+02 1.087863e-16
2.206730e+02 8.227167e-17
2.548300e+02 6.204329e-17
2.942730e+02 4.663779e-17
3.398210e+02 3.446464e-17
3.924190e+02 2.603155e-17
4.531580e+02 1.960380e-17
5.232990e+02 1.471377e-17
6.042960e+02 1.085229e-17
6.978310e+02 8.182789e-18
8.058420e+02 6.150734e-18
9.305720e+02 4.606986e-18
1.074610e+03 3.389199e-18
1.240940e+03 2.549582e-18
1.433010e+03 1.911586e-18
1.654820e+03 1.427815e-18
1.910950e+03 1.046781e-18
2.206730e+03 7.849796e-19
2.548300e+03 5.865299e-19
2.942730e+03 4.364544e-19
3.398210e+03 3.184864e-19
3.924190e+03 2.378207e-19
4.531580e+03 1.768763e-19
5.232990e+03 1.309554e-19
6.042960e+03 9.495837e-20
6.978310e+03 7.050385e-20
8.058420e+03 5.211192e-20
9.305720e+03 3.832200e-20
1.074610e+04 2.755245e-20
1.240940e+04 2.030169e-20
1.433010e+04 1.488205e-20
1.654820e+04 1.084554e-20
1.910950e+04 7.709291e-21
2.206730e+04 5.623261e-21
2.548300e+04 4.077088e-21
2.942730e+04 2.935953e-21
3.398210e+04 2.055355e-21
3.924190e+04 1.479284e-21
4.531580e+04 1.057111e-21
5.232990e+04 7.493280e-22
6.042960e+04 5.139917e-22
6.978310e+04 3.634710e-22
8.058420e+04 2.548307e-22
9.305720e+04 1.769247e-22
1.074610e+05 1.180909e-22
1.240940e+05 8.159441e-23
1.433010e+05 5.578816e-23
1.654820e+05 3.768850e-23
1.910950e+05 2.424808e-23
2.206730e+05 1.624983e-23
2.548300e+05 1.074881e-23
2.942730e+05 7.004695e-24
3.398210e+05 4.287093e-24
3.924190e+05 2.759272e-24
4.531580e+05 1.747167e-24
5.232990e+05 1.085673e-24
6.042960e+05 6.203494e-25
6.978310e+05 3.784498e-25
8.058420e+05 2.261628e-25
9.305720e+05 1.319602e-25
1.074610e+06 6.850428e-26
1.240940e+06 3.891682e-26
1.433010e+06 2.153898e-26
1.654820e+06 1.156239e-26
1.910950e+06 5.237641e-27
2.206730e+06 2.705090e-27
2.548300e+06 1.351983e-27
2.942730e+06 6.499859e-28
3.398210e+06 2.415025e-28
3.924190e+06 1.096738e-28
4.531580e+06 4.781612e-29
5.232990e+06 1.985873e-29
6.042960e+06 5.469461e-30
6.978310e+06 2.076348e-30
8.058420e+06 7.505751e-31
9.305720e+06 2.569396e-31
1.074610e+07 4.377501e-32
1.240940e+07 1.271537e-32
1.433010e+07 3.472713e-33
1.654820e+07 9.102771e-34
1.910950e+07 7.306897e-35
2.206730e+07 1.382646e-35
2.548300e+07 2.337124e-36
2.942730e+07 3.870008e-37
3.398210e+07 1.111831e-38
3.924190e+07 1.035884e-39
4.531580e+07 7.390034e-41
5.232990e+07 4.781402e-42
6.042960e+07 3.270384e-44
6.978310e+07 9.041302e-46
8.058420e+07 1.082629e-47
9.305720e+07 0.000000e+00
