Ev [GeV]   dN_dEv [s^-1 GeV^-1]
3.398210e-02 2.753120e-05
3.924190e-02 2.647977e-05
4.531580e-02 2.508356e-05
5.232990e-02 2.346417e-05
6.042960e-02 2.145632e-05
6.978310e-02 1.914286e-05
8.058420e-02 1.655113e-05
9.305720e-02 1.377733e-05
1.074610e-01 1.093294e-05
1.240940e-01 8.582754e-06
1.433010e-01 6.624531e-06
1.654820e-01 5.040278e-06
1.910950e-01 3.729111e-06
2.206730e-01 2.800823e-06
2.548300e-01 2.088395e-06
2.942730e-01 1.545988e-06
3.398210e-01 1.128298e-06
3.924190e-01 8.389813e-07
4.531580e-01 6.224317e-07
5.232990e-01 4.608523e-07
6.042960e-01 3.387069e-07
6.978310e-01 2.536527e-07
8.058420e-01 1.898339e-07
9.305720e-01 1.418688e-07
1.074610e+00 1.048787e-07
1.240940e+00 7.904298e-08
1.433010e+00 5.944483e-08
1.654820e+00 4.459390e-08
1.910950e+00 3.302845e-08
2.206730e+00 2.494528e-08
2.548300e+00 1.879142e-08
2.942730e+00 1.411425e-08
3.398210e+00 1.046435e-08
3.924190e+00 7.901769e-09
4.531580e+00 5.947195e-09
5.232990e+00 4.460003e-09
6.042960e+00 3.303544e-09
6.978310e+00 2.491052e-09
8.058420e+00 1.873654e-09
9.305720e+00 1.405636e-09
1.074610e+01 1.042825e-09
1.240940e+01 7.879075e-10
1.433010e+01 5.938511e-10
1.654820e+01 4.462920e-10
1.910950e+01 3.308171e-10
2.206730e+01 2.499145e-10
2.548300e+01 1.882338e-10
2.942730e+01 1.413340e-10
3.398210e+01 1.045442e-10
3.924190e+01 7.895248e-11
4.531580e+01 5.948346e-11
5.232990e+01 4.469516e-11
6.042960e+01 3.307493e-11
6.978310e+01 2.500899e-11
8.058420e+01 1.886502e-11
9.305720e+01 1.419001e-11
1.074610e+02 1.050186e-11
1.240940e+02 7.941294e-12
1.433010e+02 5.988258e-12
1.654820e+02 4.500927e-12
1.910950e+02 3.325991e-12
2.206730e+02 2.511713e-12
2.548300e+02 1.891108e-12
2.942730e+02 1.419001e-12
3.398210e+02 1.046276e-12
3.924190e+02 7.886091e-13
4.531580e+02 5.925092e-13
5.232990e+02 4.435663e-13
6.042960e+02 3.261007e-13
6.978310e+02 2.451474e-13
8.058420e+02 1.836594e-13
9.305720e+02 1.370599e-13
1.074610e+03 1.003671e-13
1.240940e+03 7.518288e-14
1.433010e+03 5.610717e-14
1.654820e+03 4.169312e-14
1.910950e+03 3.036957e-14
2.206730e+03 2.264000e-14
2.548300e+03 1.680735e-14
2.942730e+03 1.241825e-14
3.398210e+03 8.980880e-15
3.924190e+03 6.652068e-15
4.531580e+03 4.903799e-15
5.232990e+03 3.595613e-15
6.042960e+03 2.575438e-15
6.978310e+03 1.891280e-15
8.058420e+03 1.381273e-15
9.305720e+03 1.002554e-15
1.074610e+04 7.088955e-16
1.240940e+04 5.146863e-16
1.433010e+04 3.712862e-16
1.654820e+04 2.658867e-16
1.910950e+04 1.847946e-16
2.206730e+04 1.321648e-16
2.548300e+04 9.380073e-17
2.942730e+04 6.599276e-17
3.398210e+04 4.481934e-17
3.924190e+04 3.142595e-17
4.531580e+04 2.182993e-17
5.232990e+04 1.500341e-17
6.042960e+04 9.878608e-18
6.978310e+04 6.747764e-18
8.058420e+04 4.556431e-18
9.305720e+04 3.036473e-18
1.074610e+05 1.917041e-18
1.240940e+05 1.264971e-18
1.433010e+05 8.227917e-19
1.654820e+05 5.263983e-19
1.910950e+05 3.137710e-19
2.206730e+05 1.977592e-19
2.548300e+05 1.224037e-19
2.942730e+05 7.418923e-20
3.398210e+05 4.083065e-20
3.924190e+05 2.421011e-20
4.531580e+05 1.402913e-20
5.232990e+05 7.914844e-21
6.042960e+05 3.892739e-21
6.978310e+05 2.127468e-21
8.058420e+05 1.129439e-21
9.305720e+05 5.794790e-22
1.074610e+06 2.425024e-22
1.240940e+06 1.188031e-22
1.433010e+06 5.612524e-23
1.654820e+06 2.539315e-23
1.910950e+06 8.372973e-24
2.206730e+06 3.533243e-24
2.548300e+06 1.425984e-24
2.942730e+06 5.460668e-25
3.398210e+06 1.243729e-25
3.924190e+06 4.238418e-26
4.531580e+06 1.369630e-26
5.232990e+06 4.206555e-27
6.042960e+06 5.261325e-28
6.978310e+06 1.287698e-28
8.058420e+06 2.916555e-29
9.305720e+06 6.414438e-30
1.074610e+07 3.332964e-31
1.240940e+07 4.756753e-32
1.433010e+07 5.736488e-33
1.654820e+07 6.705398e-34
1.910950e+07 1.067532e-35
2.206730e+07 6.209564e-37
2.548300e+07 2.470080e-38
2.942730e+07 7.723593e-40
3.398210e+07 2.240940e-42
3.924190e+07 2.918083e-44
4.531580e+07 1.756975e-46
5.232990e+07 4.719887e-49
6.042960e+07 8.569163e-53
6.978310e+07 4.969913e-56
8.058420e+07 6.501148e-60
9.305720e+07 0.000000e+00
