Ev [GeV]   dN_dEv [s^-1 GeV^-1]
3.398210e-02 1.326823e-07
3.924190e-02 1.276151e-07
4.531580e-02 1.208863e-07
5.232990e-02 1.130819e-07
6.042960e-02 1.034054e-07
6.978310e-02 9.225602e-08
8.058420e-02 7.976558e-08
9.305720e-02 6.639768e-08
1.074610e-01 5.268957e-08
1.240940e-01 4.136323e-08
1.433010e-01 3.192589e-08
1.654820e-01 2.429083e-08
1.910950e-01 1.797186e-08
2.206730e-01 1.349812e-08
2.548300e-01 1.006469e-08
2.942730e-01 7.450648e-09
3.398210e-01 5.437657e-09
3.924190e-01 4.043339e-09
4.531580e-01 2.999712e-09
5.232990e-01 2.221006e-09
6.042960e-01 1.632345e-09
6.978310e-01 1.222440e-09
8.058420e-01 9.148746e-10
9.305720e-01 6.837146e-10
1.074610e+00 5.054465e-10
1.240940e+00 3.809352e-10
1.433010e+00 2.864850e-10
1.654820e+00 2.149133e-10
1.910950e+00 1.591754e-10
2.206730e+00 1.202199e-10
2.548300e+00 9.056228e-11
2.942730e+00 6.802141e-11
3.398210e+00 5.043129e-11
3.924190e+00 3.808134e-11
4.531580e+00 2.866157e-11
5.232990e+00 2.149429e-11
6.042960e+00 1.592091e-11
6.978310e+00 1.200524e-11
8.058420e+00 9.029779e-12
9.305720e+00 6.774240e-12
1.074610e+01 5.025730e-12
1.240940e+01 3.797196e-12
1.433010e+01 2.861972e-12
1.654820e+01 2.150834e-12
1.910950e+01 1.594321e-12
2.206730e+01 1.204423e-12
2.548300e+01 9.071630e-13
2.942730e+01 6.811372e-13
3.398210e+01 5.038342e-13
3.924190e+01 3.804991e-13
4.531580e+01 2.866712e-13
5.232990e+01 2.154013e-13
6.042960e+01 1.593994e-13
6.978310e+01 1.205269e-13
8.058420e+01 9.091700e-14
9.305720e+01 6.838650e-14
1.074610e+02 5.061207e-14
1.240940e+02 3.827182e-14
1.433010e+02 2.885947e-14
1.654820e+02 2.169151e-14
1.910950e+02 1.602909e-14
2.206730e+02 1.210481e-14
2.548300e+02 9.113896e-15
2.942730e+02 6.838650e-15
3.398210e+02 5.042361e-15
3.924190e+02 3.800578e-15
4.531580e+02 2.855505e-15
5.232990e+02 2.137698e-15
6.042960e+02 1.571591e-15
6.978310e+02 1.181450e-15
8.058420e+02 8.851174e-16
9.305720e+02 6.605385e-16
1.074610e+03 4.837032e-16
1.240940e+03 3.623321e-16
1.433010e+03 2.703997e-16
1.654820e+03 2.009334e-16
1.910950e+03 1.463614e-16
2.206730e+03 1.091099e-16
2.548300e+03 8.100036e-17
2.942730e+03 5.984778e-17
3.398210e+03 4.328194e-17
3.924190e+03 3.205860e-17
4.531580e+03 2.363309e-17
5.232990e+03 1.732849e-17
6.042960e+03 1.241192e-17
6.978310e+03 9.114726e-18
8.058420e+03 6.656830e-18
9.305720e+03 4.831649e-18
1.074610e+04 3.416411e-18
1.240940e+04 2.480450e-18
1.433010e+04 1.789356e-18
1.654820e+04 1.281399e-18
1.910950e+04 8.905886e-19
2.206730e+04 6.369474e-19
2.548300e+04 4.520579e-19
2.942730e+04 3.180417e-19
3.398210e+04 2.159998e-19
3.924190e+04 1.514524e-19
4.531580e+04 1.052059e-19
5.232990e+04 7.230659e-20
6.042960e+04 4.760840e-20
6.978310e+04 3.251979e-20
8.058420e+04 2.195900e-20
9.305720e+04 1.463380e-20
1.074610e+05 9.238878e-21
1.240940e+05 6.096329e-21
1.433010e+05 3.965316e-21
1.654820e+05 2.536894e-21
1.910950e+05 1.512170e-21
2.206730e+05 9.530693e-22
2.548300e+05 5.899054e-22
2.942730e+05 3.575434e-22
3.398210e+05 1.967769e-22
3.924190e+05 1.166768e-22
4.531580e+05 6.761120e-23
5.232990e+05 3.814435e-23
6.042960e+05 1.876044e-23
6.978310e+05 1.025300e-23
8.058420e+05 5.443154e-24
9.305720e+05 2.792708e-24
1.074610e+06 1.168702e-24
1.240940e+06 5.725531e-25
1.433010e+06 2.704868e-25
1.654820e+06 1.223783e-25
1.910950e+06 4.035223e-26
2.206730e+06 1.702791e-26
2.548300e+06 6.872307e-27
2.942730e+06 2.631683e-27
3.398210e+06 5.993958e-28
3.924190e+06 2.042639e-28
4.531580e+06 6.600717e-29
5.232990e+06 2.027283e-29
6.042960e+06 2.535613e-30
6.978310e+06 6.205857e-31
8.058420e+06 1.405588e-31
9.305720e+06 3.091338e-32
1.074610e+07 1.606270e-33
1.240940e+07 2.292442e-34
1.433010e+07 2.764610e-35
1.654820e+07 3.231561e-36
1.910950e+07 5.144805e-38
2.206730e+07 2.992602e-39
2.548300e+07 1.190416e-40
2.942730e+07 3.722264e-42
3.398210e+07 1.079986e-44
3.924190e+07 1.406324e-46
4.531580e+07 8.467463e-49
5.232990e+07 2.274675e-51
6.042960e+07 4.129773e-55
6.978310e+07 2.395172e-58
8.058420e+07 3.133126e-62
9.305720e+07 0.000000e+00
