Ev [GeV]   dN_dEv [s^-1 GeV^-1]
3.398210e-02 4.326590e-07
3.924190e-02 4.161354e-07
4.531580e-02 3.941937e-07
5.232990e-02 3.687447e-07
6.042960e-02 3.371908e-07
6.978310e-02 3.008343e-07
8.058420e-02 2.601047e-07
9.305720e-02 2.165138e-07
1.074610e-01 1.718135e-07
1.240940e-01 1.348799e-07
1.433010e-01 1.041060e-07
1.654820e-01 7.920908e-08
1.910950e-01 5.860380e-08
2.206730e-01 4.401555e-08
2.548300e-01 3.281960e-08
2.942730e-01 2.429555e-08
3.398210e-01 1.773146e-08
3.924190e-01 1.318478e-08
4.531580e-01 9.781652e-09
5.232990e-01 7.242397e-09
6.042960e-01 5.322854e-09
6.978310e-01 3.986209e-09
8.058420e-01 2.983282e-09
9.305720e-01 2.229500e-09
1.074610e+00 1.648192e-09
1.240940e+00 1.242178e-09
1.433010e+00 9.341888e-10
1.654820e+00 7.008031e-10
1.910950e+00 5.190494e-10
2.206730e+00 3.920207e-10
2.548300e+00 2.953113e-10
2.942730e+00 2.218086e-10
3.398210e+00 1.644496e-10
3.924190e+00 1.241781e-10
4.531580e+00 9.346149e-11
5.232990e+00 7.008995e-11
6.042960e+00 5.191593e-11
6.978310e+00 3.914744e-11
8.058420e+00 2.944488e-11
9.305720e+00 2.208988e-11
1.074610e+01 1.638822e-11
1.240940e+01 1.238214e-11
1.433010e+01 9.332502e-12
1.654820e+01 7.013577e-12
1.910950e+01 5.198865e-12
2.206730e+01 3.927461e-12
2.548300e+01 2.958135e-12
2.942730e+01 2.221096e-12
3.398210e+01 1.642935e-12
3.924190e+01 1.240756e-12
4.531580e+01 9.347959e-13
5.232990e+01 7.023944e-13
6.042960e+01 5.197799e-13
6.978310e+01 3.930218e-13
8.058420e+01 2.964680e-13
9.305720e+01 2.229991e-13
1.074610e+02 1.650391e-13
1.240940e+02 1.247992e-13
1.433010e+02 9.410681e-14
1.654820e+02 7.073306e-14
1.910950e+02 5.226869e-14
2.206730e+02 3.947213e-14
2.548300e+02 2.971918e-14
2.942730e+02 2.229991e-14
3.398210e+02 1.644245e-14
3.924190e+02 1.239317e-14
4.531580e+02 9.311414e-15
5.232990e+02 6.970742e-15
6.042960e+02 5.124745e-15
6.978310e+02 3.852547e-15
8.058420e+02 2.886248e-15
9.305720e+02 2.153926e-15
1.074610e+03 1.577291e-15
1.240940e+03 1.181516e-15
1.433010e+03 8.817366e-16
1.654820e+03 6.552167e-16
1.910950e+03 4.772645e-16
2.206730e+03 3.557927e-16
2.548300e+03 2.641312e-16
2.942730e+03 1.951555e-16
3.398210e+03 1.411365e-16
3.924190e+03 1.045387e-16
4.531580e+03 7.706429e-17
5.232990e+03 5.650585e-17
6.042960e+03 4.047359e-17
6.978310e+03 2.972188e-17
8.058420e+03 2.170702e-17
9.305720e+03 1.575535e-17
1.074610e+04 1.114045e-17
1.240940e+04 8.088410e-18
1.433010e+04 5.834845e-18
1.654820e+04 4.178468e-18
1.910950e+04 2.904088e-18
2.206730e+04 2.076999e-18
2.548300e+04 1.474099e-18
2.942730e+04 1.037091e-18
3.398210e+04 7.043459e-19
3.924190e+04 4.938658e-19
4.531580e+04 3.430623e-19
5.232990e+04 2.357819e-19
6.042960e+04 1.552445e-19
6.978310e+04 1.060426e-19
8.058420e+04 7.160532e-20
9.305720e+04 4.771884e-20
1.074610e+05 3.012673e-20
1.240940e+05 1.987930e-20
1.433010e+05 1.293036e-20
1.654820e+05 8.272467e-21
1.910950e+05 4.930981e-21
2.206730e+05 3.107830e-21
2.548300e+05 1.923601e-21
2.942730e+05 1.165900e-21
3.398210e+05 6.416627e-22
3.924190e+05 3.804672e-22
4.531580e+05 2.204709e-22
5.232990e+05 1.243835e-22
6.042960e+05 6.117526e-23
6.978310e+05 3.343363e-23
8.058420e+05 1.774939e-23
9.305720e+05 9.106642e-24
1.074610e+06 3.810980e-24
1.240940e+06 1.867018e-24
1.433010e+06 8.820207e-25
1.654820e+06 3.990589e-25
1.910950e+06 1.315831e-25
2.206730e+06 5.552570e-26
2.548300e+06 2.240966e-26
2.942730e+06 8.581562e-27
3.398210e+06 1.954548e-27
3.924190e+06 6.660768e-28
4.531580e+06 2.152404e-28
5.232990e+06 6.610695e-29
6.042960e+06 8.268290e-30
6.978310e+06 2.023646e-30
8.058420e+06 4.583430e-31
9.305720e+06 1.008043e-31
1.074610e+07 5.237827e-33
1.240940e+07 7.475343e-34
1.433010e+07 9.015019e-35
1.654820e+07 1.053768e-35
1.910950e+07 1.677651e-37
2.206730e+07 9.758468e-39
2.548300e+07 3.881785e-40
2.942730e+07 1.213780e-41
3.398210e+07 3.521687e-44
3.924190e+07 4.585832e-46
4.531580e+07 2.761125e-48
5.232990e+07 7.417407e-51
6.042960e+07 1.346663e-54
6.978310e+07 7.810329e-58
8.058420e+07 1.021670e-61
9.305720e+07 0.000000e+00
