# Ev [GeV]	dN_dEv [s^-1 GeV^-1]
3.398210000000000119e-02 3.846363057509570427e-07
3.924190000000000317e-02 3.709408261275319178e-07
4.531580000000000330e-02 3.526495479727561112e-07
5.232989999999999864e-02 3.314935554001050561e-07
6.042959999999999998e-02 3.053963830731411131e-07
6.978310000000000068e-02 2.748203961774426845e-07
8.058419999999999472e-02 2.403031638745555758e-07
9.305720000000000658e-02 2.030312377853013708e-07
1.074610000000000010e-01 1.651938892100687877e-07
1.240939999999999960e-01 1.323115077847431358e-07
1.433010000000000117e-01 1.042771367435038076e-07
1.654819999999999902e-01 8.101125484509623770e-08
1.910949999999999871e-01 6.159776624893787943e-08
2.206730000000000080e-01 4.701237290989667252e-08
2.548300000000000010e-01 3.553763884346908333e-08
2.942730000000000068e-01 2.662081482629357803e-08
3.398209999999999842e-01 1.967266378000211682e-08
3.924190000000000178e-01 1.473789029030875107e-08
4.531580000000000052e-01 1.100604617620310988e-08
5.232989999999999586e-01 8.197497987045825992e-09
6.042960000000000553e-01 6.061106223091909401e-09
6.978309999999999791e-01 4.560355176010443584e-09
8.058419999999999472e-01 3.428618897672007447e-09
9.305719999999999548e-01 2.574051050760666753e-09
1.074610000000000065e+00 1.912576375477138156e-09
1.240939999999999932e+00 1.447857583984284141e-09
1.433009999999999895e+00 1.093908678426755324e-09
1.654819999999999958e+00 8.245893138247171687e-10
1.910949999999999926e+00 6.141546624052764785e-10
2.206729999999999858e+00 4.661546303673456735e-10
2.548299999999999788e+00 3.529810025335020289e-10
2.942730000000000068e+00 2.665716341467789505e-10
3.398210000000000175e+00 1.988950191070857227e-10
3.924189999999999845e+00 1.510374370672869970e-10
4.531579999999999941e+00 1.143534946568013221e-10
5.232990000000000030e+00 8.629781582237117835e-11
6.042959999999999887e+00 6.438658035773478040e-11
6.978309999999999569e+00 4.886698651722993019e-11
8.058419999999999916e+00 3.700495197456942794e-11
9.305720000000000880e+00 2.795777439905014871e-11
1.074610000000000021e+01 2.090684458560302123e-11
1.240939999999999976e+01 1.590745138322642713e-11
1.433009999999999984e+01 1.207681152735896137e-11
1.654820000000000135e+01 9.144538871072829872e-12
1.910950000000000060e+01 6.837573348294719336e-12
2.206729999999999947e+01 5.204853250052407868e-12
2.548300000000000054e+01 3.951342237295393647e-12
2.942729999999999890e+01 2.991265997434014401e-12
3.398210000000000264e+01 2.233878399467417313e-12
3.924190000000000111e+01 1.700891109790681047e-12
4.531580000000000297e+01 1.292261950373630277e-12
5.232990000000000208e+01 9.793925203552685505e-13
6.042960000000000065e+01 7.320619627264111423e-13
6.978310000000000457e+01 5.582126529489651394e-13
8.058419999999999561e+01 4.247005276145622625e-13
9.305719999999999459e+01 3.222657490156414591e-13
1.074609999999999985e+02 2.409702509947122778e-13
1.240939999999999941e+02 1.837845906024932303e-13
1.433009999999999877e+02 1.398027986574669542e-13
1.654819999999999993e+02 1.060227045856841038e-13
1.910949999999999989e+02 7.917808829757596636e-14
2.206730000000000018e+02 6.031860232437859572e-14
2.548300000000000125e+02 4.582108622392170281e-14
2.942730000000000246e+02 3.469618991236542099e-14
3.398210000000000264e+02 2.585902640306665723e-14
3.924189999999999827e+02 1.966375071618373860e-14
4.531580000000000155e+02 1.490723850285791517e-14
5.232989999999999782e+02 1.126247780759026457e-14
6.042960000000000491e+02 8.370077185229155647e-15
6.978310000000000173e+02 6.348106878043653643e-15
8.058419999999999845e+02 4.798709999840950881e-15
9.305720000000000027e+02 3.613940991783170702e-15
1.074609999999999900e+03 2.675200398437031556e-15
1.240940000000000055e+03 2.021594287305663521e-15
1.433009999999999991e+03 1.522114546921138568e-15
1.654819999999999936e+03 1.141321999941856820e-15
1.910950000000000045e+03 8.403055521357149334e-16
2.206730000000000018e+03 6.318665914118576649e-16
2.548300000000000182e+03 4.731945581176419703e-16
2.942730000000000018e+03 3.527358932784966423e-16
3.398210000000000036e+03 2.578117636127801801e-16
3.924190000000000055e+03 1.925834557906974076e-16
4.531579999999999927e+03 1.431897629084502700e-16
5.232989999999999782e+03 1.059061384229343828e-16
6.042960000000000036e+03 7.665318443777631004e-17
6.978310000000000400e+03 5.675922599515855913e-17
8.058420000000000073e+03 4.180240857481091674e-17
9.305719999999999345e+03 3.060021928795464516e-17
1.074610000000000036e+04 2.186165654714667435e-17
1.240939999999999964e+04 1.600229195291884371e-17
1.433010000000000036e+04 1.163924972718772384e-17
1.654820000000000073e+04 8.405255933987311498e-18
1.910950000000000000e+04 5.902258713853769601e-18
2.206729999999999927e+04 4.255444833448648427e-18
2.548300000000000000e+04 3.044953280277520461e-18
2.942729999999999927e+04 2.160178503019211783e-18
3.398209999999999854e+04 1.482479266253792674e-18
3.924190000000000146e+04 1.047881059802167085e-18
4.531580000000000291e+04 7.339044601376163493e-19
5.232990000000000146e+04 5.086601961174531854e-19
6.042959999999999854e+04 3.385418391477310774e-19
6.978310000000000582e+04 2.331532154927511983e-19
8.058419999999999709e+04 1.587639492648426745e-19
9.305719999999999709e+04 1.067202910960942841e-19
1.074610000000000000e+05 6.815123568802182905e-20
1.240940000000000000e+05 4.535579643927798816e-20
1.433010000000000000e+05 2.976127715604989885e-20
1.654820000000000000e+05 1.921405879322218177e-20
1.910950000000000000e+05 1.159741403389021734e-20
2.206730000000000000e+05 7.376409836102266891e-21
2.548300000000000000e+05 4.608750327211787857e-21
2.942730000000000000e+05 2.820845431894200472e-21
3.398210000000000000e+05 1.574785183422861074e-21
3.924190000000000000e+05 9.431316699429114732e-22
4.531580000000000000e+05 5.522019055364470858e-22
5.232990000000000000e+05 3.149208273628100527e-22
6.042960000000000000e+05 1.575314396587077157e-22
6.978310000000000000e+05 8.707116337523756547e-23
8.058420000000000000e+05 4.676768145475778578e-23
9.305720000000000000e+05 2.429018790441011767e-23
1.074610000000000000e+06 1.038151893577919757e-23
1.240940000000000000e+06 5.153352453176847137e-24
1.433010000000000000e+06 2.467888104686466242e-24
1.654820000000000000e+06 1.132531490750982308e-24
1.910950000000000000e+06 3.839678259645787477e-25
2.206730000000000000e+06 1.646674613782959036e-25
2.548300000000000000e+06 6.756575880845218224e-26
2.942730000000000000e+06 2.631178219171578194e-26
3.398210000000000000e+06 6.236442900394047320e-27
3.924190000000000000e+06 2.171737632658669587e-27
4.531580000000000000e+06 7.174849253846996891e-28
5.232990000000000000e+06 2.249726941069469585e-28
6.042960000000000000e+06 2.981795867126988736e-29
6.978310000000000000e+06 7.533001226061380347e-30
8.058420000000000000e+06 1.766332495544672159e-30
9.305720000000000000e+06 4.012508137749006591e-31
1.074610000000000000e+07 2.244253762818497261e-32
1.240940000000000000e+07 3.363804211717746006e-33
1.433010000000000000e+07 4.301959885250804320e-34
1.654820000000000000e+07 5.348590330785955340e-35
1.910950000000000000e+07 9.375470783942095483e-37
2.206730000000000000e+07 5.894585122972635612e-38
2.548300000000000000e+07 2.578242976087747787e-39
2.942730000000000000e+07 9.093400167414891496e-41
3.398210000000000000e+07 3.021681827714226343e-43
3.924190000000000000e+07 4.478438548854671939e-45
4.531580000000000000e+07 3.190361560477013854e-47
5.232990000000000000e+07 1.057975104576479117e-49
6.042960000000000000e+07 2.446956331375496096e-53
6.978310000000000000e+07 1.880795732299737107e-56
8.058420000000000000e+07 3.416558408192766098e-60
9.305720000000000000e+07 0.000000000000000000e+00
