Ev [GeV]   dN_dEv [s^-1 GeV^-1]
3.398210e-02 4.202491e-06
3.924190e-02 4.041995e-06
4.531580e-02 3.828871e-06
5.232990e-02 3.581681e-06
6.042960e-02 3.275193e-06
6.978310e-02 2.922056e-06
8.058420e-02 2.526442e-06
9.305720e-02 2.103036e-06
1.074610e-01 1.668855e-06
1.240940e-01 1.310112e-06
1.433010e-01 1.011199e-06
1.654820e-01 7.693715e-07
1.910950e-01 5.692289e-07
2.206730e-01 4.275307e-07
2.548300e-01 3.187824e-07
2.942730e-01 2.359869e-07
3.398210e-01 1.722288e-07
3.924190e-01 1.280660e-07
4.531580e-01 9.501088e-08
5.232990e-01 7.034666e-08
6.042960e-01 5.170181e-08
6.978310e-01 3.871874e-08
8.058420e-01 2.897713e-08
9.305720e-01 2.165552e-08
1.074610e+00 1.600918e-08
1.240940e+00 1.206549e-08
1.433010e+00 9.073937e-09
1.654820e+00 6.807021e-09
1.910950e+00 5.041616e-09
2.206730e+00 3.807764e-09
2.548300e+00 2.868410e-09
2.942730e+00 2.154465e-09
3.398210e+00 1.597327e-09
3.924190e+00 1.206163e-09
4.531580e+00 9.078076e-10
5.232990e+00 6.807958e-10
6.042960e+00 5.042684e-10
6.978310e+00 3.802459e-10
8.058420e+00 2.860032e-10
9.305720e+00 2.145628e-10
1.074610e+01 1.591816e-10
1.240940e+01 1.202699e-10
1.433010e+01 9.064821e-11
1.654820e+01 6.812409e-11
1.910950e+01 5.049747e-11
2.206730e+01 3.814811e-11
2.548300e+01 2.873288e-11
2.942730e+01 2.157389e-11
3.398210e+01 1.595811e-11
3.924190e+01 1.205168e-11
4.531580e+01 9.079834e-12
5.232990e+01 6.822478e-12
6.042960e+01 5.048712e-12
6.978310e+01 3.817488e-12
8.058420e+01 2.879645e-12
9.305720e+01 2.166029e-12
1.074610e+02 1.603053e-12
1.240940e+02 1.212196e-12
1.433010e+02 9.140757e-13
1.654820e+02 6.870425e-13
1.910950e+02 5.076948e-13
2.206730e+02 3.833996e-13
2.548300e+02 2.886675e-13
2.942730e+02 2.166029e-13
3.398210e+02 1.597084e-13
3.924190e+02 1.203770e-13
4.531580e+02 9.044338e-14
5.232990e+02 6.770803e-14
6.042960e+02 4.977753e-14
6.978310e+02 3.742045e-14
8.058420e+02 2.803462e-14
9.305720e+02 2.092146e-14
1.074610e+03 1.532050e-14
1.240940e+03 1.147627e-14
1.433010e+03 8.564460e-15
1.654820e+03 6.364233e-15
1.910950e+03 4.635753e-15
2.206730e+03 3.455876e-15
2.548300e+03 2.565552e-15
2.942730e+03 1.895579e-15
3.398210e+03 1.370884e-15
3.924190e+03 1.015403e-15
4.531580e+03 7.485388e-16
5.232990e+03 5.488511e-16
6.042960e+03 3.931270e-16
6.978310e+03 2.886938e-16
8.058420e+03 2.108440e-16
9.305720e+03 1.530345e-16
1.074610e+04 1.082091e-16
1.240940e+04 7.856412e-17
1.433010e+04 5.667486e-17
1.654820e+04 4.058618e-17
1.910950e+04 2.820791e-17
2.206730e+04 2.017425e-17
2.548300e+04 1.431818e-17
2.942730e+04 1.007344e-17
3.398210e+04 6.841433e-18
3.924190e+04 4.797004e-18
4.531580e+04 3.332223e-18
5.232990e+04 2.290191e-18
6.042960e+04 1.507917e-18
6.978310e+04 1.030010e-18
8.058420e+04 6.955149e-19
9.305720e+04 4.635014e-19
1.074610e+05 2.926261e-19
1.240940e+05 1.930911e-19
1.433010e+05 1.255948e-19
1.654820e+05 8.035190e-20
1.910950e+05 4.789547e-20
2.206730e+05 3.018689e-20
2.548300e+05 1.868427e-20
2.942730e+05 1.132459e-20
3.398210e+05 6.232581e-21
3.924190e+05 3.695544e-21
4.531580e+05 2.141472e-21
5.232990e+05 1.208159e-21
6.042960e+05 5.942059e-22
6.978310e+05 3.247466e-22
8.058420e+05 1.724029e-22
9.305720e+05 8.845439e-23
1.074610e+06 3.701671e-23
1.240940e+06 1.813467e-23
1.433010e+06 8.567219e-24
1.654820e+06 3.876128e-24
1.910950e+06 1.278090e-24
2.206730e+06 5.393308e-25
2.548300e+06 2.176689e-25
2.942730e+06 8.335420e-26
3.398210e+06 1.898486e-26
3.924190e+06 6.469719e-27
4.531580e+06 2.090667e-27
5.232990e+06 6.421082e-28
6.042960e+06 8.031133e-29
6.978310e+06 1.965602e-29
8.058420e+06 4.451965e-30
9.305720e+06 9.791298e-31
1.074610e+07 5.087592e-32
1.240940e+07 7.260930e-33
1.433010e+07 8.756444e-34
1.654820e+07 1.023543e-34
1.910950e+07 1.629531e-36
2.206730e+07 9.478568e-38
2.548300e+07 3.770445e-39
2.942730e+07 1.178965e-40
3.398210e+07 3.420676e-43
3.924190e+07 4.454298e-45
4.531580e+07 2.681928e-47
5.232990e+07 7.204656e-50
6.042960e+07 1.308037e-53
6.978310e+07 7.586307e-57
8.058420e+07 9.923657e-61
9.305720e+07 0.000000e+00
