Ev [GeV]   dN_dEv [s^-1 GeV^-1]
3.398210e-02 1.942602e-07
3.924190e-02 1.868412e-07
4.531580e-02 1.769896e-07
5.232990e-02 1.655632e-07
6.042960e-02 1.513958e-07
6.978310e-02 1.350720e-07
8.058420e-02 1.167848e-07
9.305720e-02 9.721284e-08
1.074610e-01 7.714280e-08
1.240940e-01 6.055991e-08
1.433010e-01 4.674269e-08
1.654820e-01 3.556420e-08
1.910950e-01 2.631261e-08
2.206730e-01 1.976260e-08
2.548300e-01 1.473572e-08
2.942730e-01 1.090849e-08
3.398210e-01 7.961274e-09
3.924190e-01 5.919852e-09
4.531580e-01 4.391878e-09
5.232990e-01 3.251774e-09
6.042960e-01 2.389916e-09
6.978310e-01 1.789774e-09
8.058420e-01 1.339468e-09
9.305720e-01 1.001027e-09
1.074610e+00 7.400242e-10
1.240940e+00 5.577273e-10
1.433010e+00 4.194427e-10
1.654820e+00 3.146546e-10
1.910950e+00 2.330487e-10
2.206730e+00 1.760139e-10
2.548300e+00 1.325922e-10
2.942730e+00 9.959014e-11
3.398210e+00 7.383644e-11
3.924190e+00 5.575489e-11
4.531580e+00 4.196341e-11
5.232990e+00 3.146978e-11
6.042960e+00 2.330981e-11
6.978310e+00 1.757687e-11
8.058420e+00 1.322050e-11
9.305720e+00 9.918165e-12
1.074610e+01 7.358171e-12
1.240940e+01 5.559475e-12
1.433010e+01 4.190213e-12
1.654820e+01 3.149036e-12
1.910950e+01 2.334246e-12
2.206730e+01 1.763396e-12
2.548300e+01 1.328177e-12
2.942730e+01 9.972530e-13
3.398210e+01 7.376636e-13
3.924190e+01 5.570887e-13
4.531580e+01 4.197153e-13
5.232990e+01 3.153690e-13
6.042960e+01 2.333767e-13
6.978310e+01 1.764634e-13
8.058420e+01 1.331116e-13
9.305720e+01 1.001247e-13
1.074610e+02 7.410113e-14
1.240940e+02 5.603377e-14
1.433010e+02 4.225315e-14
1.654820e+02 3.175854e-14
1.910950e+02 2.346819e-14
2.206730e+02 1.772265e-14
2.548300e+02 1.334365e-14
2.942730e+02 1.001247e-14
3.398210e+02 7.382521e-15
3.924190e+02 5.564426e-15
4.531580e+02 4.180745e-15
5.232990e+02 3.129804e-15
6.042960e+02 2.300966e-15
6.978310e+02 1.729760e-15
8.058420e+02 1.295900e-15
9.305720e+02 9.670944e-16
1.074610e+03 7.081899e-16
1.240940e+03 5.304904e-16
1.433010e+03 3.958922e-16
1.654820e+03 2.941867e-16
1.910950e+03 2.142877e-16
2.206730e+03 1.597479e-16
2.548300e+03 1.185926e-16
2.942730e+03 8.762314e-17
3.398210e+03 6.336909e-17
3.924190e+03 4.693699e-17
4.531580e+03 3.460120e-17
5.232990e+03 2.537064e-17
6.042960e+03 1.817229e-17
6.978310e+03 1.334487e-17
8.058420e+03 9.746264e-18
9.305720e+03 7.074018e-18
1.074610e+04 5.001967e-18
1.240940e+04 3.631627e-18
1.433010e+04 2.619795e-18
1.654820e+04 1.876096e-18
1.910950e+04 1.303911e-18
2.206730e+04 9.325548e-19
2.548300e+04 6.618579e-19
2.942730e+04 4.656449e-19
3.398210e+04 3.162453e-19
3.924190e+04 2.217415e-19
4.531580e+04 1.540320e-19
5.232990e+04 1.058641e-19
6.042960e+04 6.970346e-20
6.978310e+04 4.761222e-20
8.058420e+04 3.215017e-20
9.305720e+04 2.142535e-20
1.074610e+05 1.352664e-20
1.240940e+05 8.925635e-21
1.433010e+05 5.805619e-21
1.654820e+05 3.714267e-21
1.910950e+05 2.213968e-21
2.206730e+05 1.395389e-21
2.548300e+05 8.636805e-22
2.942730e+05 5.234792e-22
3.398210e+05 2.881010e-22
3.924190e+05 1.708265e-22
4.531580e+05 9.898955e-23
5.232990e+05 5.584714e-23
6.042960e+05 2.746717e-23
6.978310e+05 1.501141e-23
8.058420e+05 7.969322e-24
9.305720e+05 4.088804e-24
1.074610e+06 1.711097e-24
1.240940e+06 8.382750e-25
1.433010e+06 3.960197e-25
1.654820e+06 1.791740e-25
1.910950e+06 5.907969e-26
2.206730e+06 2.493056e-26
2.548300e+06 1.006174e-26
2.942730e+06 3.853048e-27
3.398210e+06 8.775753e-28
3.924190e+06 2.990628e-28
4.531580e+06 9.664110e-29
5.232990e+06 2.968145e-29
6.042960e+06 3.712391e-30
6.978310e+06 9.085995e-31
8.058420e+06 2.057921e-31
9.305720e+06 4.526028e-32
1.074610e+07 2.351739e-33
1.240940e+07 3.356365e-34
1.433010e+07 4.047666e-35
1.654820e+07 4.731329e-36
1.910950e+07 7.532509e-38
2.206730e+07 4.381468e-39
2.548300e+07 1.742888e-40
2.942730e+07 5.449767e-42
3.398210e+07 1.581207e-44
3.924190e+07 2.058999e-46
4.531580e+07 1.239721e-48
5.232990e+07 3.330352e-51
6.042960e+07 6.046401e-55
6.978310e+07 3.506771e-58
8.058420e+07 4.587210e-62
9.305720e+07 0.000000e+00
