Ev [GeV]   dN_dEv [s^-1 GeV^-1]
3.398210e-02 2.107145e-06
3.924190e-02 2.026672e-06
4.531580e-02 1.919810e-06
5.232990e-02 1.795868e-06
6.042960e-02 1.642194e-06
6.978310e-02 1.465130e-06
8.058420e-02 1.266768e-06
9.305720e-02 1.054470e-06
1.074610e-01 8.367699e-07
1.240940e-01 6.568949e-07
1.433010e-01 5.070192e-07
1.654820e-01 3.857658e-07
1.910950e-01 2.854135e-07
2.206730e-01 2.143655e-07
2.548300e-01 1.598387e-07
2.942730e-01 1.183247e-07
3.398210e-01 8.635614e-08
3.924190e-01 6.421278e-08
4.531580e-01 4.763881e-08
5.232990e-01 3.527208e-08
6.042960e-01 2.592348e-08
6.978310e-01 1.941372e-08
8.058420e-01 1.452924e-08
9.305720e-01 1.085816e-08
1.074610e+00 8.027061e-09
1.240940e+00 6.049682e-09
1.433010e+00 4.549706e-09
1.654820e+00 3.413066e-09
1.910950e+00 2.527885e-09
2.206730e+00 1.909227e-09
2.548300e+00 1.438231e-09
2.942730e+00 1.080257e-09
3.398210e+00 8.009058e-10
3.924190e+00 6.047746e-10
4.531580e+00 4.551781e-10
5.232990e+00 3.413535e-10
6.042960e+00 2.528421e-10
6.978310e+00 1.906567e-10
8.058420e+00 1.434031e-10
9.305720e+00 1.075826e-10
1.074610e+01 7.981426e-11
1.240940e+01 6.030377e-11
1.433010e+01 4.545135e-11
1.654820e+01 3.415767e-11
1.910950e+01 2.531962e-11
2.206730e+01 1.912760e-11
2.548300e+01 1.440677e-11
2.942730e+01 1.081723e-11
3.398210e+01 8.001456e-12
3.924190e+01 6.042755e-12
4.531580e+01 4.552663e-12
5.232990e+01 3.420816e-12
6.042960e+01 2.531443e-12
6.978310e+01 1.914103e-12
8.058420e+01 1.443865e-12
9.305720e+01 1.086055e-12
1.074610e+02 8.037768e-13
1.240940e+02 6.077997e-13
1.433010e+02 4.583210e-13
1.654820e+02 3.444857e-13
1.910950e+02 2.545601e-13
2.206730e+02 1.922380e-13
2.548300e+02 1.447390e-13
2.942730e+02 1.086055e-13
3.398210e+02 8.007839e-14
3.924190e+02 6.035747e-14
4.531580e+02 4.534865e-14
5.232990e+02 3.394906e-14
6.042960e+02 2.495864e-14
6.978310e+02 1.876275e-14
8.058420e+02 1.405666e-14
9.305720e+02 1.049010e-14
1.074610e+03 7.681754e-15
1.240940e+03 5.754243e-15
1.433010e+03 4.294252e-15
1.654820e+03 3.191050e-15
1.910950e+03 2.324384e-15
2.206730e+03 1.732789e-15
2.548300e+03 1.286377e-15
2.942730e+03 9.504504e-16
3.398210e+03 6.873661e-16
3.924190e+03 5.091267e-16
4.531580e+03 3.753201e-16
5.232990e+03 2.751960e-16
6.042960e+03 1.971153e-16
6.978310e+03 1.447521e-16
8.058420e+03 1.057180e-16
9.305720e+03 7.673205e-17
1.074610e+04 5.425646e-17
1.240940e+04 3.939234e-17
1.433010e+04 2.841699e-17
1.654820e+04 2.035006e-17
1.910950e+04 1.414355e-17
2.206730e+04 1.011544e-17
2.548300e+04 7.179189e-18
2.942730e+04 5.050862e-18
3.398210e+04 3.430320e-18
3.924190e+04 2.405236e-18
4.531580e+04 1.670789e-18
5.232990e+04 1.148310e-18
6.042960e+04 7.560752e-19
6.978310e+04 5.164509e-19
8.058420e+04 3.487337e-19
9.305720e+04 2.324013e-19
1.074610e+05 1.467238e-19
1.240940e+05 9.681659e-20
1.433010e+05 6.297369e-20
1.654820e+05 4.028874e-20
1.910950e+05 2.401497e-20
2.206730e+05 1.513582e-20
2.548300e+05 9.368364e-21
2.942730e+05 5.678192e-21
3.398210e+05 3.125039e-21
3.924190e+05 1.852959e-21
4.531580e+05 1.073742e-21
5.232990e+05 6.057753e-22
6.042960e+05 2.979370e-22
6.978310e+05 1.628292e-22
8.058420e+05 8.644344e-23
9.305720e+05 4.435136e-23
1.074610e+06 1.856031e-23
1.240940e+06 9.092790e-24
1.433010e+06 4.295636e-24
1.654820e+06 1.943505e-24
1.910950e+06 6.408389e-25
2.206730e+06 2.704225e-25
2.548300e+06 1.091400e-25
2.942730e+06 4.179410e-26
3.398210e+06 9.519081e-27
3.924190e+06 3.243941e-27
4.531580e+06 1.048268e-27
5.232990e+06 3.219555e-28
6.042960e+06 4.026840e-29
6.978310e+06 9.855601e-30
8.058420e+06 2.232232e-30
9.305720e+06 4.909393e-31
1.074610e+07 2.550938e-32
1.240940e+07 3.640657e-33
1.433010e+07 4.390514e-34
1.654820e+07 5.132085e-35
1.910950e+07 8.170531e-37
2.206730e+07 4.752590e-38
2.548300e+07 1.890515e-39
2.942730e+07 5.911376e-41
3.398210e+07 1.715139e-43
3.924190e+07 2.233402e-45
4.531580e+07 1.344729e-47
5.232990e+07 3.612441e-50
6.042960e+07 6.558547e-54
6.978310e+07 3.803803e-57
8.058420e+07 4.975758e-61
9.305720e+07 0.000000e+00
