Ev [GeV]   dN_dEv [s^-1 GeV^-1]
3.398210e-02 2.508525e-07
3.924190e-02 2.412723e-07
4.531580e-02 2.285506e-07
5.232990e-02 2.137954e-07
6.042960e-02 1.955008e-07
6.978310e-02 1.744215e-07
8.058420e-02 1.508068e-07
9.305720e-02 1.255331e-07
1.074610e-01 9.961622e-08
1.240940e-01 7.820236e-08
1.433010e-01 6.035988e-08
1.654820e-01 4.592484e-08
1.910950e-01 3.397805e-08
2.206730e-01 2.551989e-08
2.548300e-01 1.902856e-08
2.942730e-01 1.408638e-08
3.398210e-01 1.028057e-08
3.924190e-01 7.644437e-09
4.531580e-01 5.671330e-09
5.232990e-01 4.199089e-09
6.042960e-01 3.086152e-09
6.978310e-01 2.311175e-09
8.058420e-01 1.729685e-09
9.305720e-01 1.292648e-09
1.074610e+00 9.556098e-10
1.240940e+00 7.202057e-10
1.433010e+00 5.416358e-10
1.654820e+00 4.063205e-10
1.910950e+00 3.009410e-10
2.206730e+00 2.272907e-10
2.548300e+00 1.712193e-10
2.942730e+00 1.286030e-10
3.398210e+00 9.534665e-11
3.924190e+00 7.199753e-11
4.531580e+00 5.418828e-11
5.232990e+00 4.063763e-11
6.042960e+00 3.010047e-11
6.978310e+00 2.269740e-11
8.058420e+00 1.707193e-11
9.305720e+00 1.280755e-11
1.074610e+01 9.501770e-12
1.240940e+01 7.179075e-12
1.433010e+01 5.410916e-12
1.654820e+01 4.066421e-12
1.910950e+01 3.014263e-12
2.206730e+01 2.277113e-12
2.548300e+01 1.715105e-12
2.942730e+01 1.287775e-12
3.398210e+01 9.525615e-13
3.924190e+01 7.193811e-13
4.531580e+01 5.419878e-13
5.232990e+01 4.072431e-13
6.042960e+01 3.013646e-13
6.978310e+01 2.278711e-13
8.058420e+01 1.718900e-13
9.305720e+01 1.292932e-13
1.074610e+02 9.568844e-14
1.240940e+02 7.235766e-14
1.433010e+02 5.456243e-14
1.654820e+02 4.101051e-14
1.910950e+02 3.030500e-14
2.206730e+02 2.288565e-14
2.548300e+02 1.723096e-14
2.942730e+02 1.292932e-14
3.398210e+02 9.533214e-15
3.924190e+02 7.185467e-15
4.531580e+02 5.398689e-15
5.232990e+02 4.041585e-15
6.042960e+02 2.971289e-15
6.978310e+02 2.233678e-15
8.058420e+02 1.673425e-15
9.305720e+02 1.248831e-15
1.074610e+03 9.145014e-16
1.240940e+03 6.850341e-16
1.433010e+03 5.112244e-16
1.654820e+03 3.798898e-16
1.910950e+03 2.767145e-16
2.206730e+03 2.062860e-16
2.548300e+03 1.531413e-16
2.942730e+03 1.131497e-16
3.398210e+03 8.182992e-17
3.924190e+03 6.061079e-17
4.531580e+03 4.468131e-17
5.232990e+03 3.276168e-17
6.042960e+03 2.346629e-17
6.978310e+03 1.723253e-17
8.058420e+03 1.258557e-17
9.305720e+03 9.134837e-18
1.074610e+04 6.459151e-18
1.240940e+04 4.689600e-18
1.433010e+04 3.383000e-18
1.654820e+04 2.422645e-18
1.910950e+04 1.683769e-18
2.206730e+04 1.204229e-18
2.548300e+04 8.546719e-19
2.942730e+04 6.012976e-19
3.398210e+04 4.083746e-19
3.924190e+04 2.863398e-19
4.531580e+04 1.989050e-19
5.232990e+04 1.367046e-19
6.042960e+04 9.000963e-20
6.978310e+04 6.148272e-20
8.058420e+04 4.151624e-20
9.305720e+04 2.766703e-20
1.074610e+05 1.746725e-20
1.240940e+05 1.152587e-20
1.433010e+05 7.496925e-21
1.654820e+05 4.796315e-21
1.910950e+05 2.858946e-21
2.206730e+05 1.801897e-21
2.548300e+05 1.115290e-21
2.942730e+05 6.759804e-22
3.398210e+05 3.720313e-22
3.924190e+05 2.205921e-22
4.531580e+05 1.278274e-22
5.232990e+05 7.211666e-23
6.042960e+05 3.546896e-23
6.978310e+05 1.938457e-23
8.058420e+05 1.029096e-23
9.305720e+05 5.279964e-24
1.074610e+06 2.209578e-24
1.240940e+06 1.082483e-24
1.433010e+06 5.113891e-25
1.654820e+06 2.313714e-25
1.910950e+06 7.629093e-26
2.206730e+06 3.219339e-26
2.548300e+06 1.299296e-26
2.942730e+06 4.975526e-27
3.398210e+06 1.133233e-27
3.924190e+06 3.861864e-28
4.531580e+06 1.247948e-28
5.232990e+06 3.832832e-29
6.042960e+06 4.793893e-30
6.978310e+06 1.173295e-30
8.058420e+06 2.657439e-31
9.305720e+06 5.844560e-32
1.074610e+07 3.036854e-33
1.240940e+07 4.334149e-34
1.433010e+07 5.226842e-35
1.654820e+07 6.109671e-36
1.910950e+07 9.726897e-38
2.206730e+07 5.657888e-39
2.548300e+07 2.250631e-40
2.942730e+07 7.037406e-42
3.398210e+07 2.041848e-44
3.924190e+07 2.658832e-46
4.531580e+07 1.600880e-48
5.232990e+07 4.300558e-51
6.042960e+07 7.807853e-55
6.978310e+07 4.528371e-58
8.058420e+07 5.923567e-62
9.305720e+07 0.000000e+00
