Ev [GeV]   dN_dEv [s^-1 GeV^-1]
3.398210e-02 1.277187e-06
3.924190e-02 1.228411e-06
4.531580e-02 1.163640e-06
5.232990e-02 1.088515e-06
6.042960e-02 9.953701e-07
6.978310e-02 8.880476e-07
8.058420e-02 7.678158e-07
9.305720e-02 6.391377e-07
1.074610e-01 5.071848e-07
1.240940e-01 3.981585e-07
1.433010e-01 3.073155e-07
1.654820e-01 2.338212e-07
1.910950e-01 1.729954e-07
2.206730e-01 1.299317e-07
2.548300e-01 9.688178e-08
2.942730e-01 7.171922e-08
3.398210e-01 5.234237e-08
3.924190e-01 3.892079e-08
4.531580e-01 2.887494e-08
5.232990e-01 2.137919e-08
6.042960e-01 1.571279e-08
6.978310e-01 1.176709e-08
8.058420e-01 8.806495e-09
9.305720e-01 6.581371e-09
1.074610e+00 4.865380e-09
1.240940e+00 3.666846e-09
1.433010e+00 2.757677e-09
1.654820e+00 2.068735e-09
1.910950e+00 1.532207e-09
2.206730e+00 1.157225e-09
2.548300e+00 8.717438e-10
2.942730e+00 6.547676e-10
3.398210e+00 4.854467e-10
3.924190e+00 3.665673e-10
4.531580e+00 2.758935e-10
5.232990e+00 2.069019e-10
6.042960e+00 1.532532e-10
6.978310e+00 1.155613e-10
8.058420e+00 8.691979e-11
9.305720e+00 6.520819e-11
1.074610e+01 4.837719e-11
1.240940e+01 3.655145e-11
1.433010e+01 2.754907e-11
1.654820e+01 2.070372e-11
1.910950e+01 1.534678e-11
2.206730e+01 1.159366e-11
2.548300e+01 8.732264e-12
2.942730e+01 6.556561e-12
3.398210e+01 4.849860e-12
3.924190e+01 3.662648e-12
4.531580e+01 2.759470e-12
5.232990e+01 2.073432e-12
6.042960e+01 1.534364e-12
6.978310e+01 1.160180e-12
8.058420e+01 8.751583e-13
9.305720e+01 6.582819e-13
1.074610e+02 4.871869e-13
1.240940e+02 3.684008e-13
1.433010e+02 2.777985e-13
1.654820e+02 2.088004e-13
1.910950e+02 1.542945e-13
2.206730e+02 1.165197e-13
2.548300e+02 8.772949e-14
2.942730e+02 6.582819e-14
3.398210e+02 4.853728e-14
3.924190e+02 3.658400e-14
4.531580e+02 2.748682e-14
5.232990e+02 2.057727e-14
6.042960e+02 1.512798e-14
6.978310e+02 1.137252e-14
8.058420e+02 8.520055e-15
9.305720e+02 6.358280e-15
1.074610e+03 4.656081e-15
1.240940e+03 3.487774e-15
1.433010e+03 2.602841e-15
1.654820e+03 1.934166e-15
1.910950e+03 1.408860e-15
2.206730e+03 1.050282e-15
2.548300e+03 7.797017e-16
2.942730e+03 5.760890e-16
3.398210e+03 4.166278e-16
3.924190e+03 3.085930e-16
4.531580e+03 2.274898e-16
5.232990e+03 1.668024e-16
6.042960e+03 1.194760e-16
6.978310e+03 8.773747e-17
8.058420e+03 6.407800e-17
9.305720e+03 4.650899e-17
1.074610e+04 3.288604e-17
1.240940e+04 2.387657e-17
1.433010e+04 1.722416e-17
1.654820e+04 1.233462e-17
1.910950e+04 8.572721e-18
2.206730e+04 6.131195e-18
2.548300e+04 4.351466e-18
2.942730e+04 3.061439e-18
3.398210e+04 2.079193e-18
3.924190e+04 1.457867e-18
4.531580e+04 1.012702e-18
5.232990e+04 6.960163e-19
6.042960e+04 4.582739e-19
6.978310e+04 3.130323e-19
8.058420e+04 2.113752e-19
9.305720e+04 1.408636e-19
1.074610e+05 8.893255e-20
1.240940e+05 5.868268e-20
1.433010e+05 3.816975e-20
1.654820e+05 2.441990e-20
1.910950e+05 1.455600e-20
2.206730e+05 9.174154e-21
2.548300e+05 5.678373e-21
2.942730e+05 3.441678e-21
3.398210e+05 1.894155e-21
3.924190e+05 1.123120e-21
4.531580e+05 6.508189e-22
5.232990e+05 3.671738e-22
6.042960e+05 1.805862e-22
6.978310e+05 9.869436e-23
8.058420e+05 5.239528e-23
9.305720e+05 2.688234e-23
1.074610e+06 1.124982e-23
1.240940e+06 5.511341e-24
1.433010e+06 2.603680e-24
1.654820e+06 1.178002e-24
1.910950e+06 3.884267e-25
2.206730e+06 1.639090e-25
2.548300e+06 6.615217e-26
2.942730e+06 2.533233e-26
3.398210e+06 5.769726e-27
3.924190e+06 1.966225e-27
4.531580e+06 6.353787e-28
5.232990e+06 1.951443e-28
6.042960e+06 2.440757e-29
6.978310e+06 5.973698e-30
8.058420e+06 1.353005e-30
9.305720e+06 2.975692e-31
1.074610e+07 1.546180e-32
1.240940e+07 2.206683e-33
1.433010e+07 2.661188e-34
1.654820e+07 3.110670e-35
1.910950e+07 4.952340e-37
2.206730e+07 2.880650e-38
2.548300e+07 1.145883e-39
2.942730e+07 3.583016e-41
3.398210e+07 1.039584e-43
3.924190e+07 1.353714e-45
4.531580e+07 8.150699e-48
5.232990e+07 2.189581e-50
6.042960e+07 3.975280e-54
6.978310e+07 2.305569e-57
8.058420e+07 3.015917e-61
9.305720e+07 0.000000e+00
