Ev [GeV]   dN_dEv [s^-1 GeV^-1]
3.398210e-02 9.333651e-09
3.924190e-02 8.988022e-09
4.531580e-02 8.526304e-09
5.232990e-02 7.991059e-09
6.042960e-02 7.332028e-09
6.978310e-02 6.563953e-09
8.058420e-02 5.701065e-09
9.305720e-02 4.773418e-09
1.074610e-01 3.828359e-09
1.240940e-01 3.025168e-09
1.433010e-01 2.348730e-09
1.654820e-01 1.796438e-09
1.910950e-01 1.338708e-09
2.206730e-01 1.007797e-09
2.548300e-01 7.523703e-10
2.942730e-01 5.572389e-10
3.398210e-01 4.068029e-10
3.924190e-01 3.025145e-10
4.531580e-01 2.244481e-10
5.232990e-01 1.661949e-10
6.042960e-01 1.221541e-10
6.978310e-01 9.148464e-11
8.058420e-01 6.847111e-11
9.305720e-01 5.117363e-11
1.074610e+00 3.783342e-11
1.240940e+00 2.851533e-11
1.433010e+00 2.144664e-11
1.654820e+00 1.608981e-11
1.910950e+00 1.191790e-11
2.206730e+00 9.001932e-12
2.548300e+00 6.781781e-12
2.942730e+00 5.094281e-12
3.398210e+00 3.777351e-12
3.924190e+00 2.852646e-12
4.531580e+00 2.147265e-12
5.232990e+00 1.610524e-12
6.042960e+00 1.193111e-12
6.978310e+00 8.998114e-13
8.058420e+00 6.769133e-13
9.305720e+00 5.079233e-13
1.074610e+01 3.769061e-13
1.240940e+01 2.848334e-13
1.433010e+01 2.147327e-13
1.654820e+01 1.614192e-13
1.910950e+01 1.196922e-13
2.206730e+01 9.044929e-14
2.548300e+01 6.814976e-14
2.942730e+01 5.118990e-14
3.398210e+01 3.788336e-14
3.924190e+01 2.862300e-14
4.531580e+01 2.157592e-14
5.232990e+01 1.622125e-14
6.042960e+01 1.201251e-14
6.978310e+01 9.089213e-15
8.058420e+01 6.861407e-15
9.305720e+01 5.165371e-15
1.074610e+02 3.826840e-15
1.240940e+02 2.896637e-15
1.433010e+02 2.186656e-15
1.654820e+02 1.645556e-15
1.910950e+02 1.217872e-15
2.206730e+02 9.210384e-16
2.548300e+02 6.945799e-16
2.942730e+02 5.221141e-16
3.398210e+02 3.858346e-16
3.924190e+02 2.914254e-16
4.531580e+02 2.194663e-16
5.232990e+02 1.647219e-16
6.042960e+02 1.214923e-16
6.978310e+02 9.160702e-17
8.058420e+02 6.885799e-17
9.305720e+02 5.157560e-17
1.074610e+03 3.794238e-17
1.240940e+03 2.854279e-17
1.433010e+03 2.140037e-17
1.654820e+03 1.598451e-17
1.910950e+03 1.171880e-17
2.206730e+03 8.787914e-18
2.548300e+03 6.566252e-18
2.942730e+03 4.886144e-18
3.398210e+03 3.565483e-18
3.924190e+03 2.662423e-18
4.531580e+03 1.980145e-18
5.232990e+03 1.466057e-18
6.042960e+03 1.063067e-18
6.978310e+03 7.892967e-19
8.058420e+03 5.833974e-19
9.305720e+03 4.290181e-19
1.074610e+04 3.084521e-19
1.240940e+04 2.272792e-19
1.433010e+04 1.666058e-19
1.654820e+04 1.214167e-19
1.910950e+04 8.630617e-20
2.206730e+04 6.295289e-20
2.548300e+04 4.564335e-20
2.942730e+04 3.286824e-20
3.398210e+04 2.300987e-20
3.924190e+04 1.656072e-20
4.531580e+04 1.183445e-20
5.232990e+04 8.388791e-21
6.042960e+04 5.754182e-21
6.978310e+04 4.069089e-21
8.058420e+04 2.852851e-21
9.305720e+04 1.980687e-21
1.074610e+05 1.322038e-21
1.240940e+05 9.134564e-22
1.433010e+05 6.245533e-22
1.654820e+05 4.219260e-22
1.910950e+05 2.714593e-22
2.206730e+05 1.819182e-22
2.548300e+05 1.203338e-22
2.942730e+05 7.841816e-23
3.398210e+05 4.799437e-23
3.924190e+05 3.089029e-23
4.531580e+05 1.955968e-23
5.232990e+05 1.215421e-23
6.042960e+05 6.944865e-24
6.978310e+05 4.236778e-24
8.058420e+05 2.531911e-24
9.305720e+05 1.477306e-24
1.074610e+06 7.669113e-25
1.240940e+06 4.356771e-25
1.433010e+06 2.411308e-25
1.654820e+06 1.294419e-25
1.910950e+06 5.863585e-26
2.206730e+06 3.028371e-26
2.548300e+06 1.513556e-26
2.942730e+06 7.276648e-27
3.398210e+06 2.703641e-27
3.924190e+06 1.227807e-27
4.531580e+06 5.353055e-28
5.232990e+06 2.223202e-28
6.042960e+06 6.123109e-29
6.978310e+06 2.324489e-29
8.058420e+06 8.402753e-30
9.305720e+06 2.876461e-30
1.074610e+07 4.900649e-31
1.240940e+07 1.423496e-31
1.433010e+07 3.887732e-32
1.654820e+07 1.019063e-32
1.910950e+07 8.180134e-34
2.206730e+07 1.547884e-34
2.548300e+07 2.616430e-35
2.942730e+07 4.332507e-36
3.398210e+07 1.244704e-37
3.924190e+07 1.159681e-38
4.531580e+07 8.273207e-40
5.232990e+07 5.352821e-41
6.042960e+07 3.661223e-43
6.978310e+07 1.012182e-44
8.058420e+07 1.212013e-46
9.305720e+07 0.000000e+00
