Ev [GeV]   dN_dEv [s^-1 GeV^-1]
3.398210e-02 9.492362e-11
3.924190e-02 9.140856e-11
4.531580e-02 8.671287e-11
5.232990e-02 8.126940e-11
6.042960e-02 7.456703e-11
6.978310e-02 6.675567e-11
8.058420e-02 5.798007e-11
9.305720e-02 4.854586e-11
1.074610e-01 3.893457e-11
1.240940e-01 3.076609e-11
1.433010e-01 2.388668e-11
1.654820e-01 1.826985e-11
1.910950e-01 1.361472e-11
2.206730e-01 1.024934e-11
2.548300e-01 7.651638e-12
2.942730e-01 5.667142e-12
3.398210e-01 4.137202e-12
3.924190e-01 3.076586e-12
4.531580e-01 2.282646e-12
5.232990e-01 1.690209e-12
6.042960e-01 1.242313e-12
6.978310e-01 9.304026e-13
8.058420e-01 6.963541e-13
9.305720e-01 5.204380e-13
1.074610e+00 3.847675e-13
1.240940e+00 2.900021e-13
1.433010e+00 2.181132e-13
1.654820e+00 1.636340e-13
1.910950e+00 1.212056e-13
2.206730e+00 9.155002e-14
2.548300e+00 6.897100e-14
2.942730e+00 5.180905e-14
3.398210e+00 3.841582e-14
3.924190e+00 2.901153e-14
4.531580e+00 2.183777e-14
5.232990e+00 1.637909e-14
6.042960e+00 1.213399e-14
6.978310e+00 9.151120e-15
8.058420e+00 6.884237e-15
9.305720e+00 5.165602e-15
1.074610e+01 3.833151e-15
1.240940e+01 2.896768e-15
1.433010e+01 2.183841e-15
1.654820e+01 1.641640e-15
1.910950e+01 1.217275e-15
2.206730e+01 9.198731e-16
2.548300e+01 6.930860e-16
2.942730e+01 5.206035e-16
3.398210e+01 3.852754e-16
3.924190e+01 2.910971e-16
4.531580e+01 2.194280e-16
5.232990e+01 1.649708e-16
6.042960e+01 1.221677e-16
6.978310e+01 9.243768e-17
8.058420e+01 6.978080e-17
9.305720e+01 5.253204e-17
1.074610e+02 3.891912e-17
1.240940e+02 2.945892e-17
1.433010e+02 2.223839e-17
1.654820e+02 1.673537e-17
1.910950e+02 1.238580e-17
2.206730e+02 9.366999e-18
2.548300e+02 7.063907e-18
2.942730e+02 5.309922e-18
3.398210e+02 3.923954e-18
3.924190e+02 2.963809e-18
4.531580e+02 2.231981e-18
5.232990e+02 1.675229e-18
6.042960e+02 1.235582e-18
6.978310e+02 9.316473e-19
8.058420e+02 7.002887e-19
9.305720e+02 5.245260e-19
1.074610e+03 3.858756e-19
1.240940e+03 2.902814e-19
1.433010e+03 2.176426e-19
1.654820e+03 1.625631e-19
1.910950e+03 1.191807e-19
2.206730e+03 8.937346e-20
2.548300e+03 6.677906e-20
2.942730e+03 4.969229e-20
3.398210e+03 3.626111e-20
3.924190e+03 2.707695e-20
4.531580e+03 2.013816e-20
5.232990e+03 1.490986e-20
6.042960e+03 1.081144e-20
6.978310e+03 8.027180e-21
8.058420e+03 5.933176e-21
9.305720e+03 4.363132e-21
1.074610e+04 3.136970e-21
1.240940e+04 2.311439e-21
1.433010e+04 1.694388e-21
1.654820e+04 1.234813e-21
1.910950e+04 8.777374e-22
2.206730e+04 6.402335e-22
2.548300e+04 4.641947e-22
2.942730e+04 3.342714e-22
3.398210e+04 2.340114e-22
3.924190e+04 1.684232e-22
4.531580e+04 1.203568e-22
5.232990e+04 8.531436e-23
6.042960e+04 5.852027e-23
6.978310e+04 4.138281e-23
8.058420e+04 2.901362e-23
9.305720e+04 2.014367e-23
1.074610e+05 1.344518e-23
1.240940e+05 9.289890e-24
1.433010e+05 6.351733e-24
1.654820e+05 4.291005e-24
1.910950e+05 2.760752e-24
2.206730e+05 1.850116e-24
2.548300e+05 1.223800e-24
2.942730e+05 7.975160e-25
3.398210e+05 4.881048e-25
3.924190e+05 3.141556e-25
4.531580e+05 1.989228e-25
5.232990e+05 1.236088e-25
6.042960e+05 7.062957e-26
6.978310e+05 4.308820e-26
8.058420e+05 2.574965e-26
9.305720e+05 1.502426e-26
1.074610e+06 7.799520e-27
1.240940e+06 4.430854e-27
1.433010e+06 2.452310e-27
1.654820e+06 1.316430e-27
1.910950e+06 5.963290e-28
2.206730e+06 3.079866e-28
2.548300e+06 1.539293e-28
2.942730e+06 7.400382e-29
3.398210e+06 2.749614e-29
3.924190e+06 1.248685e-29
4.531580e+06 5.444080e-30
5.232990e+06 2.261006e-30
6.042960e+06 6.227227e-31
6.978310e+06 2.364015e-31
8.058420e+06 8.545635e-32
9.305720e+06 2.925373e-32
1.074610e+07 4.983981e-33
1.240940e+07 1.447702e-33
1.433010e+07 3.953840e-34
1.654820e+07 1.036391e-34
1.910950e+07 8.319230e-36
2.206730e+07 1.574204e-36
2.548300e+07 2.660921e-37
2.942730e+07 4.406178e-38
3.398210e+07 1.265869e-39
3.924190e+07 1.179400e-40
4.531580e+07 8.413886e-42
5.232990e+07 5.443841e-43
6.042960e+07 3.723479e-45
6.978310e+07 1.029393e-46
8.058420e+07 1.232622e-48
9.305720e+07 0.000000e+00
