Ev [GeV]   dN_dEv [s^-1 GeV^-1]
3.398210e-02 6.801588e-08
3.924190e-02 6.541831e-08
4.531580e-02 6.196897e-08
5.232990e-02 5.796827e-08
6.042960e-02 5.300787e-08
6.978310e-02 4.729248e-08
8.058420e-02 4.088960e-08
9.305720e-02 3.403692e-08
1.074610e-01 2.700984e-08
1.240940e-01 2.120371e-08
1.433010e-01 1.636592e-08
1.654820e-01 1.245201e-08
1.910950e-01 9.212775e-09
2.206730e-01 6.919437e-09
2.548300e-01 5.159385e-09
2.942730e-01 3.819367e-09
3.398210e-01 2.787463e-09
3.924190e-01 2.072705e-09
4.531580e-01 1.537719e-09
5.232990e-01 1.138537e-09
6.042960e-01 8.367760e-10
6.978310e-01 6.266496e-10
8.058420e-01 4.689849e-10
9.305720e-01 3.504872e-10
1.074610e+00 2.591031e-10
1.240940e+00 1.952758e-10
1.433010e+00 1.468586e-10
1.654820e+00 1.101693e-10
1.910950e+00 8.159683e-11
2.206730e+00 6.162736e-11
2.548300e+00 4.642423e-11
2.942730e+00 3.486928e-11
3.398210e+00 2.585219e-11
3.924190e+00 1.952134e-11
4.531580e+00 1.469256e-11
5.232990e+00 1.101845e-11
6.042960e+00 8.161411e-12
6.978310e+00 6.154149e-12
8.058420e+00 4.628864e-12
9.305720e+00 3.472625e-12
1.074610e+01 2.576300e-12
1.240940e+01 1.946527e-12
1.433010e+01 1.467110e-12
1.654820e+01 1.102565e-12
1.910950e+01 8.172843e-13
2.206730e+01 6.174141e-13
2.548300e+01 4.650318e-13
2.942730e+01 3.491660e-13
3.398210e+01 2.582765e-13
3.924190e+01 1.950522e-13
4.531580e+01 1.469540e-13
5.232990e+01 1.104195e-13
6.042960e+01 8.171168e-14
6.978310e+01 6.178474e-14
8.058420e+01 4.660606e-14
9.305720e+01 3.505643e-14
1.074610e+02 2.594487e-14
1.240940e+02 1.961898e-14
1.433010e+02 1.479400e-14
1.654820e+02 1.111955e-14
1.910950e+02 8.216866e-15
2.206730e+02 6.205192e-15
2.548300e+02 4.671985e-15
2.942730e+02 3.505643e-15
3.398210e+02 2.584826e-15
3.924190e+02 1.948260e-15
4.531580e+02 1.463795e-15
5.232990e+02 1.095831e-15
6.042960e+02 8.056323e-16
6.978310e+02 6.056372e-16
8.058420e+02 4.537307e-16
9.305720e+02 3.386066e-16
1.074610e+03 2.479570e-16
1.240940e+03 1.857394e-16
1.433010e+03 1.386128e-16
1.654820e+03 1.030029e-16
1.910950e+03 7.502807e-17
2.206730e+03 5.593217e-17
2.548300e+03 4.152258e-17
2.942730e+03 3.067930e-17
3.398210e+03 2.218728e-17
3.924190e+03 1.643395e-17
4.531580e+03 1.211484e-17
5.232990e+03 8.882967e-18
6.042960e+03 6.362625e-18
6.978310e+03 4.672410e-18
8.058420e+03 3.412438e-18
9.305720e+03 2.476810e-18
1.074610e+04 1.751328e-18
1.240940e+04 1.271533e-18
1.433010e+04 9.172632e-19
1.654820e+04 6.568735e-19
1.910950e+04 4.565354e-19
2.206730e+04 3.265133e-19
2.548300e+04 2.317349e-19
2.942730e+04 1.630352e-19
3.398210e+04 1.107263e-19
3.924190e+04 7.763787e-20
4.531580e+04 5.393089e-20
5.232990e+04 3.706595e-20
6.042960e+04 2.440512e-20
6.978310e+04 1.667036e-20
8.058420e+04 1.125667e-20
9.305720e+04 7.501611e-21
1.074610e+05 4.736053e-21
1.240940e+05 3.125113e-21
1.433010e+05 2.032708e-21
1.654820e+05 1.300468e-21
1.910950e+05 7.751718e-22
2.206730e+05 4.885644e-22
2.548300e+05 3.023986e-22
2.942730e+05 1.832846e-22
3.398210e+05 1.008722e-22
3.924190e+05 5.981111e-23
4.531580e+05 3.465899e-23
5.232990e+05 1.955364e-23
6.042960e+05 9.617018e-24
6.978310e+05 5.255913e-24
8.058420e+05 2.790281e-24
9.305720e+05 1.431604e-24
1.074610e+06 5.991027e-25
1.240940e+06 2.935034e-25
1.433010e+06 1.386575e-25
1.654820e+06 6.273381e-26
1.910950e+06 2.068544e-26
2.206730e+06 8.728884e-27
2.548300e+06 3.522897e-27
2.942730e+06 1.349059e-27
3.398210e+06 3.072635e-28
3.924190e+06 1.047102e-28
4.531580e+06 3.383674e-29
5.232990e+06 1.039230e-29
6.042960e+06 1.299811e-30
6.978310e+06 3.181259e-31
8.058420e+06 7.205353e-32
9.305720e+06 1.584688e-32
1.074610e+07 8.234093e-34
1.240940e+07 1.175157e-34
1.433010e+07 1.417200e-35
1.654820e+07 1.656570e-36
1.910950e+07 2.637341e-38
2.206730e+07 1.534074e-39
2.548300e+07 6.102336e-41
2.942730e+07 1.908115e-42
3.398210e+07 5.536246e-45
3.924190e+07 7.209128e-47
4.531580e+07 4.340609e-49
5.232990e+07 1.166049e-51
6.042960e+07 2.117013e-55
6.978310e+07 1.227818e-58
8.058420e+07 1.606110e-62
9.305720e+07 0.000000e+00
