Ev [GeV]   dN_dEv [s^-1 GeV^-1]
3.398210e-02 3.563109e-02
3.924190e-02 3.427031e-02
4.531580e-02 3.246333e-02
5.232990e-02 3.036750e-02
6.042960e-02 2.776893e-02
6.978310e-02 2.477484e-02
8.058420e-02 2.142060e-02
9.305720e-02 1.783072e-02
1.074610e-01 1.414949e-02
1.240940e-01 1.110786e-02
1.433010e-01 8.573518e-03
1.654820e-01 6.523165e-03
1.910950e-01 4.826243e-03
2.206730e-01 3.624846e-03
2.548300e-01 2.702817e-03
2.942730e-01 2.000830e-03
3.398210e-01 1.460252e-03
3.924190e-01 1.085816e-03
4.531580e-01 8.055557e-04
5.232990e-01 5.964386e-04
6.042960e-01 4.383570e-04
6.978310e-01 3.282793e-04
8.058420e-01 2.456844e-04
9.305720e-01 1.836077e-04
1.074610e+00 1.357348e-04
1.240940e+00 1.022980e-04
1.433010e+00 7.693395e-05
1.654820e+00 5.771376e-05
1.910950e+00 4.274566e-05
2.206730e+00 3.228437e-05
2.548300e+00 2.431999e-05
2.942730e+00 1.826677e-05
3.398210e+00 1.354304e-05
3.924190e+00 1.022653e-05
4.531580e+00 7.696904e-06
5.232990e+00 5.772170e-06
6.042960e+00 4.275471e-06
6.978310e+00 3.223939e-06
8.058420e+00 2.424896e-06
9.305720e+00 1.819184e-06
1.074610e+01 1.349631e-06
1.240940e+01 1.019716e-06
1.433010e+01 7.685665e-07
1.654820e+01 5.775944e-07
1.910950e+01 4.281460e-07
2.206730e+01 3.234412e-07
2.548300e+01 2.436135e-07
2.942730e+01 1.829156e-07
3.398210e+01 1.353018e-07
3.924190e+01 1.021809e-07
4.531580e+01 7.698394e-08
5.232990e+01 5.784481e-08
6.042960e+01 4.280582e-08
6.978310e+01 3.236682e-08
8.058420e+01 2.441525e-08
9.305720e+01 1.836481e-08
1.074610e+02 1.359159e-08
1.240940e+02 1.027768e-08
1.433010e+02 7.750048e-09
1.654820e+02 5.825133e-09
1.910950e+02 4.304522e-09
2.206730e+02 3.250678e-09
2.548300e+02 2.447486e-09
2.942730e+02 1.836481e-09
3.398210e+02 1.354098e-09
3.924190e+02 1.020624e-09
4.531580e+02 7.668299e-10
5.232990e+02 5.740668e-10
6.042960e+02 4.220419e-10
6.978310e+02 3.172716e-10
8.058420e+02 2.376933e-10
9.305720e+02 1.773839e-10
1.074610e+03 1.298958e-10
1.240940e+03 9.730225e-11
1.433010e+03 7.261431e-11
1.654820e+03 5.395955e-11
1.910950e+03 3.930452e-11
2.206730e+03 2.930086e-11
2.548300e+03 2.175219e-11
2.942730e+03 1.607179e-11
3.398210e+03 1.162312e-11
3.924190e+03 8.609156e-12
4.531580e+03 6.346533e-12
5.232990e+03 4.653469e-12
6.042960e+03 3.333152e-12
6.978310e+03 2.447708e-12
8.058420e+03 1.787654e-12
9.305720e+03 1.297512e-12
1.074610e+04 9.174579e-13
1.240940e+04 6.661109e-13
1.433010e+04 4.805214e-13
1.654820e+04 3.441125e-13
1.910950e+04 2.391626e-13
2.206730e+04 1.710487e-13
2.548300e+04 1.213976e-13
2.942730e+04 8.540832e-14
3.398210e+04 5.800552e-14
3.924190e+04 4.067170e-14
4.531580e+04 2.825246e-14
5.232990e+04 1.941753e-14
6.042960e+04 1.278497e-14
6.978310e+04 8.733006e-15
8.058420e+04 5.896967e-15
9.305720e+04 3.929826e-15
1.074610e+05 2.481049e-15
1.240940e+05 1.637135e-15
1.433010e+05 1.064863e-15
1.654820e+05 6.812686e-16
1.910950e+05 4.060848e-16
2.206730e+05 2.559414e-16
2.548300e+05 1.584158e-16
2.942730e+05 9.601626e-17
3.398210e+05 5.284333e-17
3.924190e+05 3.133290e-17
4.531580e+05 1.815661e-17
5.232990e+05 1.024345e-17
6.042960e+05 5.038012e-18
6.978310e+05 2.753385e-18
8.058420e+05 1.461729e-18
9.305720e+05 7.499661e-19
1.074610e+06 3.138485e-19
1.240940e+06 1.537559e-19
1.433010e+06 7.263771e-20
1.654820e+06 3.286400e-20
1.910950e+06 1.083636e-20
2.206730e+06 4.572750e-21
2.548300e+06 1.845519e-21
2.942730e+06 7.067238e-22
3.398210e+06 1.609644e-22
3.924190e+06 5.485392e-23
4.531580e+06 1.772586e-23
5.232990e+06 5.444155e-24
6.042960e+06 6.809247e-25
6.978310e+06 1.666548e-25
8.058420e+06 3.774627e-26
9.305720e+06 8.301614e-27
1.074610e+07 4.313547e-28
1.240940e+07 6.156225e-29
1.433010e+07 7.424206e-30
1.654820e+07 8.678177e-31
1.910950e+07 1.381608e-32
2.206730e+07 8.036464e-34
2.548300e+07 3.196796e-35
2.942730e+07 9.995931e-37
3.398210e+07 2.900241e-39
3.924190e+07 3.776604e-41
4.531580e+07 2.273890e-43
5.232990e+07 6.108513e-46
6.042960e+07 1.109027e-49
6.978310e+07 6.432099e-53
8.058420e+07 8.413835e-57
9.305720e+07 0.000000e+00
