Ev [GeV]   dN_dEv [s^-1 GeV^-1]
3.398210e-02 2.058796e-09
3.924190e-02 1.982558e-09
4.531580e-02 1.880714e-09
5.232990e-02 1.762650e-09
6.042960e-02 1.617283e-09
6.978310e-02 1.447862e-09
8.058420e-02 1.257529e-09
9.305720e-02 1.052910e-09
1.074610e-01 8.444511e-10
1.240940e-01 6.672851e-10
1.433010e-01 5.180777e-10
1.654820e-01 3.962544e-10
1.910950e-01 2.952893e-10
2.206730e-01 2.222977e-10
2.548300e-01 1.659562e-10
2.942730e-01 1.229145e-10
3.398210e-01 8.973169e-11
3.924190e-01 6.672800e-11
4.531580e-01 4.950827e-11
5.232990e-01 3.665891e-11
6.042960e-01 2.694449e-11
6.978310e-01 2.017948e-11
8.058420e-01 1.510321e-11
9.305720e-01 1.128777e-11
1.074610e+00 8.345214e-12
1.240940e+00 6.289850e-12
1.433010e+00 4.730653e-12
1.654820e+00 3.549055e-12
1.910950e+00 2.628826e-12
2.206730e+00 1.985627e-12
2.548300e+00 1.495911e-12
2.942730e+00 1.123685e-12
3.398210e+00 8.332000e-13
3.924190e+00 6.292304e-13
4.531580e+00 4.736390e-13
5.232990e+00 3.552458e-13
6.042960e+00 2.631739e-13
6.978310e+00 1.984785e-13
8.058420e+00 1.493121e-13
9.305720e+00 1.120366e-13
1.074610e+01 8.313713e-14
1.240940e+01 6.282794e-14
1.433010e+01 4.736527e-14
1.654820e+01 3.560549e-14
1.910950e+01 2.640144e-14
2.206730e+01 1.995111e-14
2.548300e+01 1.503233e-14
2.942730e+01 1.129136e-14
3.398210e+01 8.356230e-15
3.924190e+01 6.313599e-15
4.531580e+01 4.759169e-15
5.232990e+01 3.578048e-15
6.042960e+01 2.649693e-15
6.978310e+01 2.004879e-15
8.058420e+01 1.513474e-15
9.305720e+01 1.139366e-15
1.074610e+02 8.441160e-16
1.240940e+02 6.389340e-16
1.433010e+02 4.823279e-16
1.654820e+02 3.629731e-16
1.910950e+02 2.686355e-16
2.206730e+02 2.031606e-16
2.548300e+02 1.532089e-16
2.942730e+02 1.151668e-16
3.398210e+02 8.510655e-17
3.924190e+02 6.428199e-17
4.531580e+02 4.840939e-17
5.232990e+02 3.633401e-17
6.042960e+02 2.679851e-17
6.978310e+02 2.020648e-17
8.058420e+02 1.518855e-17
9.305720e+02 1.137643e-17
1.074610e+03 8.369247e-18
1.240940e+03 6.295907e-18
1.433010e+03 4.720447e-18
1.654820e+03 3.525829e-18
1.910950e+03 2.584907e-18
2.206730e+03 1.938419e-18
2.548300e+03 1.448370e-18
2.942730e+03 1.077775e-18
3.398210e+03 7.864664e-19
3.924190e+03 5.872715e-19
4.531580e+03 4.367762e-19
5.232990e+03 3.233797e-19
6.042960e+03 2.344890e-19
6.978310e+03 1.741013e-19
8.058420e+03 1.286845e-19
9.305720e+03 9.463187e-20
1.074610e+04 6.803769e-20
1.240940e+04 5.013276e-20
1.433010e+04 3.674955e-20
1.654820e+04 2.678184e-20
1.910950e+04 1.903723e-20
2.206730e+04 1.388601e-20
2.548300e+04 1.006791e-20
2.942730e+04 7.250006e-21
3.398210e+04 5.075468e-21
3.924190e+04 3.652927e-21
4.531580e+04 2.610417e-21
5.232990e+04 1.850381e-21
6.042960e+04 1.269245e-21
6.978310e+04 8.975509e-22
8.058420e+04 6.292757e-22
9.305720e+04 4.368957e-22
1.074610e+05 2.916122e-22
1.240940e+05 2.014882e-22
1.433010e+05 1.377626e-22
1.654820e+05 9.306753e-23
1.910950e+05 5.987790e-23
2.206730e+05 4.012713e-23
2.548300e+05 2.654298e-23
2.942730e+05 1.729731e-23
3.398210e+05 1.058650e-23
3.924190e+05 6.813713e-24
4.531580e+05 4.314432e-24
5.232990e+05 2.680948e-24
6.042960e+05 1.531883e-24
6.978310e+05 9.345392e-25
8.058420e+05 5.584835e-25
9.305720e+05 3.258609e-25
1.074610e+06 1.691636e-25
1.240940e+06 9.610071e-26
1.433010e+06 5.318810e-26
1.654820e+06 2.855202e-26
1.910950e+06 1.293377e-26
2.206730e+06 6.679916e-27
2.548300e+06 3.338569e-27
2.942730e+06 1.605067e-27
3.398210e+06 5.963633e-28
3.924190e+06 2.708271e-28
4.531580e+06 1.180765e-28
5.232990e+06 4.903891e-29
6.042960e+06 1.350622e-29
6.978310e+06 5.127307e-30
8.058420e+06 1.853461e-30
9.305720e+06 6.344835e-31
1.074610e+07 1.080975e-31
1.240940e+07 3.139917e-32
1.433010e+07 8.575475e-33
1.654820e+07 2.247827e-33
1.910950e+07 1.804356e-34
2.206730e+07 3.414288e-35
2.548300e+07 5.771265e-36
2.942730e+07 9.556551e-37
3.398210e+07 2.745542e-38
3.924190e+07 2.557999e-39
4.531580e+07 1.824886e-40
5.232990e+07 1.180714e-41
6.042960e+07 8.075846e-44
6.978310e+07 2.232648e-45
8.058420e+07 2.673432e-47
9.305720e+07 0.000000e+00
