Ev [GeV]   dN_dEv [s^-1 GeV^-1]
3.398210e-02 9.634009e-08
3.924190e-02 9.266080e-08
4.531580e-02 8.777504e-08
5.232990e-02 8.210831e-08
6.042960e-02 7.508222e-08
6.978310e-02 6.698673e-08
8.058420e-02 5.791747e-08
9.305720e-02 4.821109e-08
1.074610e-01 3.825769e-08
1.240940e-01 3.003368e-08
1.433010e-01 2.318126e-08
1.654820e-01 1.763747e-08
1.910950e-01 1.304930e-08
2.206730e-01 9.800935e-09
2.548300e-01 7.307934e-09
2.942730e-01 5.409886e-09
3.398210e-01 3.948261e-09
3.924190e-01 2.935852e-09
4.531580e-01 2.178079e-09
5.232990e-01 1.612663e-09
6.042960e-01 1.185239e-09
6.978310e-01 8.876085e-10
8.058420e-01 6.642868e-10
9.305720e-01 4.964425e-10
1.074610e+00 3.670027e-10
1.240940e+00 2.765956e-10
1.433010e+00 2.080156e-10
1.654820e+00 1.560477e-10
1.910950e+00 1.155766e-10
2.206730e+00 8.729117e-11
2.548300e+00 6.575691e-11
2.942730e+00 4.939007e-11
3.398210e+00 3.661796e-11
3.924190e+00 2.765071e-11
4.531580e+00 2.081105e-11
5.232990e+00 1.560692e-11
6.042960e+00 1.156011e-11
6.978310e+00 8.716954e-12
8.058420e+00 6.556487e-12
9.305720e+00 4.918749e-12
1.074610e+01 3.649162e-12
1.240940e+01 2.757129e-12
1.433010e+01 2.078067e-12
1.654820e+01 1.561712e-12
1.910950e+01 1.157630e-12
2.206730e+01 8.745271e-13
2.548300e+01 6.586874e-13
2.942730e+01 4.945710e-13
3.398210e+01 3.658320e-13
3.924190e+01 2.762789e-13
4.531580e+01 2.081508e-13
5.232990e+01 1.564020e-13
6.042960e+01 1.157393e-13
6.978310e+01 8.751409e-14
8.058420e+01 6.601447e-14
9.305720e+01 4.965517e-14
1.074610e+02 3.674922e-14
1.240940e+02 2.778901e-14
1.433010e+02 2.095475e-14
1.654820e+02 1.575012e-14
1.910950e+02 1.163866e-14
2.206730e+02 8.789252e-15
2.548300e+02 6.617563e-15
2.942730e+02 4.965517e-15
3.398210e+02 3.661238e-15
3.924190e+02 2.759584e-15
4.531580e+02 2.073371e-15
5.232990e+02 1.552174e-15
6.042960e+02 1.141126e-15
6.978310e+02 8.578458e-16
8.058420e+02 6.426802e-16
9.305720e+02 4.796144e-16
1.074610e+03 3.512150e-16
1.240940e+03 2.630879e-16
1.433010e+03 1.963361e-16
1.654820e+03 1.458970e-16
1.910950e+03 1.062724e-16
2.206730e+03 7.922429e-17
2.548300e+03 5.881404e-17
2.942730e+03 4.345524e-17
3.398210e+03 3.142685e-17
3.924190e+03 2.327762e-17
4.531580e+03 1.715989e-17
5.232990e+03 1.258215e-17
6.042960e+03 9.012246e-18
6.978310e+03 6.618166e-18
8.058420e+03 4.833497e-18
9.305720e+03 3.508241e-18
1.074610e+04 2.480642e-18
1.240940e+04 1.801045e-18
1.433010e+04 1.299244e-18
1.654820e+04 9.304187e-19
1.910950e+04 6.466528e-19
2.206730e+04 4.624850e-19
2.548300e+04 3.282374e-19
2.942730e+04 2.309288e-19
3.398210e+04 1.568366e-19
3.924190e+04 1.099690e-19
4.531580e+04 7.638961e-20
5.232990e+04 5.250152e-20
6.042960e+04 3.456827e-20
6.978310e+04 2.361249e-20
8.058420e+04 1.594434e-20
9.305720e+04 1.062555e-20
1.074610e+05 6.708313e-21
1.240940e+05 4.426520e-21
1.433010e+05 2.879200e-21
1.654820e+05 1.842029e-21
1.910950e+05 1.097981e-21
2.206730e+05 6.920198e-22
2.548300e+05 4.283280e-22
2.942730e+05 2.596108e-22
3.398210e+05 1.428789e-22
3.924190e+05 8.471856e-23
4.531580e+05 4.909222e-23
5.232990e+05 2.769646e-23
6.042960e+05 1.362188e-23
6.978310e+05 7.444660e-24
8.058420e+05 3.952253e-24
9.305720e+05 2.027774e-24
1.074610e+06 8.485902e-25
1.240940e+06 4.157285e-25
1.433010e+06 1.963994e-25
1.654820e+06 8.885838e-26
1.910950e+06 2.929959e-26
2.206730e+06 1.236390e-26
2.548300e+06 4.989955e-27
2.942730e+06 1.910855e-27
3.398210e+06 4.352189e-28
3.924190e+06 1.483152e-28
4.531580e+06 4.792755e-29
5.232990e+06 1.472002e-29
6.042960e+06 1.841099e-30
6.978310e+06 4.506048e-31
8.058420e+06 1.020592e-31
9.305720e+06 2.244608e-32
1.074610e+07 1.166306e-33
1.240940e+07 1.664533e-34
1.433010e+07 2.007373e-35
1.654820e+07 2.346424e-36
1.910950e+07 3.735622e-38
2.206730e+07 2.172916e-39
2.548300e+07 8.643564e-41
2.942730e+07 2.702721e-42
3.398210e+07 7.841734e-45
3.924190e+07 1.021126e-46
4.531580e+07 6.148191e-49
5.232990e+07 1.651633e-51
6.042960e+07 2.998612e-55
6.978310e+07 1.739124e-58
8.058420e+07 2.274951e-62
9.305720e+07 0.000000e+00
