Ev [GeV]   dN_dEv [s^-1 GeV^-1]
3.398210e-02 3.035315e-05
3.924190e-02 2.919394e-05
4.531580e-02 2.765462e-05
5.232990e-02 2.586925e-05
6.042960e-02 2.365559e-05
6.978310e-02 2.110501e-05
8.058420e-02 1.824762e-05
9.305720e-02 1.518951e-05
1.074610e-01 1.205356e-05
1.240940e-01 9.462486e-06
1.433010e-01 7.303546e-06
1.654820e-01 5.556906e-06
1.910950e-01 4.111345e-06
2.206730e-01 3.087907e-06
2.548300e-01 2.302456e-06
2.942730e-01 1.704452e-06
3.398210e-01 1.243949e-06
3.924190e-01 9.249769e-07
4.531580e-01 6.862309e-07
5.232990e-01 5.080897e-07
6.042960e-01 3.734244e-07
6.978310e-01 2.796522e-07
8.058420e-01 2.092919e-07
9.305720e-01 1.564104e-07
1.074610e+00 1.156288e-07
1.240940e+00 8.714489e-08
1.433010e+00 6.553793e-08
1.654820e+00 4.916478e-08
1.910950e+00 3.641386e-08
2.206730e+00 2.750217e-08
2.548300e+00 2.071754e-08
2.942730e+00 1.556096e-08
3.398210e+00 1.153694e-08
3.924190e+00 8.711701e-09
4.531580e+00 6.556782e-09
5.232990e+00 4.917154e-09
6.042960e+00 3.642157e-09
6.978310e+00 2.746385e-09
8.058420e+00 2.065703e-09
9.305720e+00 1.549713e-09
1.074610e+01 1.149714e-09
1.240940e+01 8.686680e-10
1.433010e+01 6.547208e-10
1.654820e+01 4.920369e-10
1.910950e+01 3.647259e-10
2.206730e+01 2.755307e-10
2.548300e+01 2.075277e-10
2.942730e+01 1.558208e-10
3.398210e+01 1.152599e-10
3.924190e+01 8.704511e-11
4.531580e+01 6.558052e-11
5.232990e+01 4.927641e-11
6.042960e+01 3.646511e-11
6.978310e+01 2.757241e-11
8.058420e+01 2.079868e-11
9.305720e+01 1.564448e-11
1.074610e+02 1.157830e-11
1.240940e+02 8.755276e-12
1.433010e+02 6.602054e-12
1.654820e+02 4.962272e-12
1.910950e+02 3.666905e-12
2.206730e+02 2.769164e-12
2.548300e+02 2.084946e-12
2.942730e+02 1.564448e-12
3.398210e+02 1.153519e-12
3.924190e+02 8.694415e-13
4.531580e+02 6.532414e-13
5.232990e+02 4.890318e-13
6.042960e+02 3.595260e-13
6.978310e+02 2.702751e-13
8.058420e+02 2.024844e-13
9.305720e+02 1.511085e-13
1.074610e+03 1.106547e-13
1.240940e+03 8.288913e-14
1.433010e+03 6.185815e-14
1.654820e+03 4.596667e-14
1.910950e+03 3.348245e-14
2.206730e+03 2.496060e-14
2.548300e+03 1.853010e-14
2.942730e+03 1.369112e-14
3.398210e+03 9.901421e-15
3.924190e+03 7.333905e-15
4.531580e+03 5.406438e-15
5.232990e+03 3.964163e-15
6.042960e+03 2.839421e-15
6.978310e+03 2.085136e-15
8.058420e+03 1.522854e-15
9.305720e+03 1.105315e-15
1.074610e+04 7.815573e-16
1.240940e+04 5.674416e-16
1.433010e+04 4.093430e-16
1.654820e+04 2.931400e-16
1.910950e+04 2.037361e-16
2.206730e+04 1.457117e-16
2.548300e+04 1.034153e-16
2.942730e+04 7.275702e-17
3.398210e+04 4.941332e-17
3.924190e+04 3.464711e-17
4.531580e+04 2.406750e-17
5.232990e+04 1.654126e-17
6.042960e+04 1.089117e-17
6.978310e+04 7.439409e-18
8.058420e+04 5.023465e-18
9.305720e+04 3.347711e-18
1.074610e+05 2.113538e-18
1.240940e+05 1.394630e-18
1.433010e+05 9.071279e-19
1.654820e+05 5.803541e-19
1.910950e+05 3.459325e-19
2.206730e+05 2.180295e-19
2.548300e+05 1.349501e-19
2.942730e+05 8.179363e-20
3.398210e+05 4.501579e-20
3.924190e+05 2.669164e-20
4.531580e+05 1.546712e-20
5.232990e+05 8.726115e-21
6.042960e+05 4.291745e-21
6.978310e+05 2.345533e-21
8.058420e+05 1.245207e-21
9.305720e+05 6.388756e-22
1.074610e+06 2.673589e-22
1.240940e+06 1.309805e-22
1.433010e+06 6.187808e-23
1.654820e+06 2.799594e-23
1.910950e+06 9.231202e-24
2.206730e+06 3.895401e-24
2.548300e+06 1.572148e-24
2.942730e+06 6.020387e-25
3.398210e+06 1.371211e-25
3.924190e+06 4.672856e-26
4.531580e+06 1.510017e-26
5.232990e+06 4.637727e-27
6.042960e+06 5.800611e-28
6.978310e+06 1.419687e-28
8.058420e+06 3.215501e-29
9.305720e+06 7.071918e-30
1.074610e+07 3.674593e-31
1.240940e+07 5.244320e-32
1.433010e+07 6.324478e-33
1.654820e+07 7.392702e-34
1.910950e+07 1.176955e-35
2.206730e+07 6.846044e-37
2.548300e+07 2.723263e-38
2.942730e+07 8.515261e-40
3.398210e+07 2.470636e-42
3.924190e+07 3.217186e-44
4.531580e+07 1.937065e-46
5.232990e+07 5.203675e-49
6.042960e+07 9.447502e-53
6.978310e+07 5.479329e-56
8.058420e+07 7.167516e-60
9.305720e+07 0.000000e+00
