Ev [GeV]   dN_dEv [s^-1 GeV^-1]
3.398210e-02 1.680451e-06
3.924190e-02 1.616274e-06
4.531580e-02 1.531052e-06
5.232990e-02 1.432207e-06
6.042960e-02 1.309652e-06
6.978310e-02 1.168443e-06
8.058420e-02 1.010249e-06
9.305720e-02 8.409415e-07
1.074610e-01 6.673253e-07
1.240940e-01 5.238747e-07
1.433010e-01 4.043486e-07
1.654820e-01 3.076488e-07
1.910950e-01 2.276177e-07
2.206730e-01 1.709568e-07
2.548300e-01 1.274716e-07
2.942730e-01 9.436413e-08
3.398210e-01 6.886915e-08
3.924190e-01 5.120979e-08
4.531580e-01 3.799202e-08
5.232990e-01 2.812953e-08
6.042960e-01 2.067401e-08
6.978310e-01 1.548247e-08
8.058420e-01 1.158709e-08
9.305720e-01 8.659400e-09
1.074610e+00 6.401594e-09
1.240940e+00 4.824630e-09
1.433010e+00 3.628397e-09
1.654820e+00 2.721925e-09
1.910950e+00 2.015992e-09
2.206730e+00 1.522612e-09
2.548300e+00 1.146992e-09
2.942730e+00 8.615064e-10
3.398210e+00 6.387236e-10
3.924190e+00 4.823087e-10
4.531580e+00 3.630053e-10
5.232990e+00 2.722300e-10
6.042960e+00 2.016419e-10
6.978310e+00 1.520490e-10
8.058420e+00 1.143642e-10
9.305720e+00 8.579728e-11
1.074610e+01 6.365200e-11
1.240940e+01 4.809235e-11
1.433010e+01 3.624752e-11
1.654820e+01 2.724080e-11
1.910950e+01 2.019244e-11
2.206730e+01 1.525429e-11
2.548300e+01 1.148942e-11
2.942730e+01 8.626756e-12
3.398210e+01 6.381173e-12
3.924190e+01 4.819107e-12
4.531580e+01 3.630755e-12
5.232990e+01 2.728106e-12
6.042960e+01 2.018830e-12
6.978310e+01 1.526500e-12
8.058420e+01 1.151484e-12
9.305720e+01 8.661304e-13
1.074610e+02 6.410132e-13
1.240940e+02 4.847212e-13
1.433010e+02 3.655117e-13
1.654820e+02 2.747278e-13
1.910950e+02 2.030120e-13
2.206730e+02 1.533101e-13
2.548300e+02 1.154295e-13
2.942730e+02 8.661304e-14
3.398210e+02 6.386264e-14
3.924190e+02 4.813517e-14
4.531580e+02 3.616562e-14
5.232990e+02 2.707442e-14
6.042960e+02 1.990455e-14
6.978310e+02 1.496332e-14
8.058420e+02 1.121021e-14
9.305720e+02 8.365868e-15
1.074610e+03 6.126210e-15
1.240940e+03 4.589017e-15
1.433010e+03 3.424673e-15
1.654820e+03 2.544867e-15
1.910950e+03 1.853700e-15
2.206730e+03 1.381902e-15
2.548300e+03 1.025888e-15
2.942730e+03 7.579856e-16
3.398210e+03 5.481755e-16
3.924190e+03 4.060293e-16
4.531580e+03 2.993184e-16
5.232990e+03 2.194692e-16
6.042960e+03 1.571998e-16
6.978310e+03 1.154401e-16
8.058420e+03 8.431025e-17
9.305720e+03 6.119393e-17
1.074610e+04 4.326961e-17
1.240940e+04 3.141545e-17
1.433010e+04 2.266259e-17
1.654820e+04 1.622921e-17
1.910950e+04 1.127951e-17
2.206730e+04 8.067083e-18
2.548300e+04 5.725415e-18
2.942730e+04 4.028070e-18
3.398210e+04 2.735686e-18
3.924190e+04 1.918179e-18
4.531580e+04 1.332457e-18
5.232990e+04 9.157792e-19
6.042960e+04 6.029711e-19
6.978310e+04 4.118704e-19
8.058420e+04 2.781157e-19
9.305720e+04 1.853404e-19
1.074610e+05 1.170125e-19
1.240940e+05 7.721138e-20
1.433010e+05 5.022161e-20
1.654820e+05 3.213033e-20
1.910950e+05 1.915197e-20
2.206730e+05 1.207084e-20
2.548300e+05 7.471285e-21
2.942730e+05 4.528367e-21
3.398210e+05 2.492224e-21
3.924190e+05 1.477738e-21
4.531580e+05 8.563110e-22
5.232990e+05 4.831067e-22
6.042960e+05 2.376052e-22
6.978310e+05 1.298565e-22
8.058420e+05 6.893877e-23
9.305720e+05 3.537028e-23
1.074610e+06 1.480188e-23
1.240940e+06 7.251514e-24
1.433010e+06 3.425776e-24
1.654820e+06 1.549948e-24
1.910950e+06 5.110700e-25
2.206730e+06 2.156623e-25
2.548300e+06 8.703932e-26
2.942730e+06 3.333086e-26
3.398210e+06 7.591482e-27
3.924190e+06 2.587048e-27
4.531580e+06 8.359957e-28
5.232990e+06 2.567600e-28
6.042960e+06 3.211411e-29
6.978310e+06 7.859857e-30
8.058420e+06 1.780208e-30
9.305720e+06 3.915249e-31
1.074610e+07 2.034377e-32
1.240940e+07 2.903430e-33
1.433010e+07 3.501441e-34
1.654820e+07 4.092845e-35
1.910950e+07 6.516011e-37
2.206730e+07 3.790197e-38
2.548300e+07 1.507689e-39
2.942730e+07 4.714331e-41
3.398210e+07 1.367826e-43
3.924190e+07 1.781141e-45
4.531580e+07 1.072423e-47
5.232990e+07 2.880927e-50
6.042960e+07 5.230451e-54
6.978310e+07 3.033539e-57
8.058420e+07 3.968175e-61
9.305720e+07 0.000000e+00
