Ev [GeV]   dN_dEv [s^-1 GeV^-1]
3.398210e-02 4.327471e-07
3.924190e-02 4.162202e-07
4.531580e-02 3.942740e-07
5.232990e-02 3.688198e-07
6.042960e-02 3.372595e-07
6.978310e-02 3.008956e-07
8.058420e-02 2.601577e-07
9.305720e-02 2.165579e-07
1.074610e-01 1.718485e-07
1.240940e-01 1.349074e-07
1.433010e-01 1.041272e-07
1.654820e-01 7.922522e-08
1.910950e-01 5.861574e-08
2.206730e-01 4.402451e-08
2.548300e-01 3.282628e-08
2.942730e-01 2.430050e-08
3.398210e-01 1.773507e-08
3.924190e-01 1.318746e-08
4.531580e-01 9.783644e-09
5.232990e-01 7.243872e-09
6.042960e-01 5.323938e-09
6.978310e-01 3.987021e-09
8.058420e-01 2.983889e-09
9.305720e-01 2.229955e-09
1.074610e+00 1.648528e-09
1.240940e+00 1.242431e-09
1.433010e+00 9.343790e-10
1.654820e+00 7.009458e-10
1.910950e+00 5.191551e-10
2.206730e+00 3.921005e-10
2.548300e+00 2.953714e-10
2.942730e+00 2.218537e-10
3.398210e+00 1.644831e-10
3.924190e+00 1.242034e-10
4.531580e+00 9.348052e-11
5.232990e+00 7.010422e-11
6.042960e+00 5.192650e-11
6.978310e+00 3.915542e-11
8.058420e+00 2.945088e-11
9.305720e+00 2.209438e-11
1.074610e+01 1.639156e-11
1.240940e+01 1.238466e-11
1.433010e+01 9.334403e-12
1.654820e+01 7.015006e-12
1.910950e+01 5.199923e-12
2.206730e+01 3.928261e-12
2.548300e+01 2.958738e-12
2.942730e+01 2.221548e-12
3.398210e+01 1.643269e-12
3.924190e+01 1.241009e-12
4.531580e+01 9.349862e-13
5.232990e+01 7.025374e-13
6.042960e+01 5.198858e-13
6.978310e+01 3.931018e-13
8.058420e+01 2.965284e-13
9.305720e+01 2.230445e-13
1.074610e+02 1.650727e-13
1.240940e+02 1.248246e-13
1.433010e+02 9.412597e-14
1.654820e+02 7.074747e-14
1.910950e+02 5.227933e-14
2.206730e+02 3.948017e-14
2.548300e+02 2.972523e-14
2.942730e+02 2.230445e-14
3.398210e+02 1.644580e-14
3.924190e+02 1.239569e-14
4.531580e+02 9.313311e-15
5.232990e+02 6.972162e-15
6.042960e+02 5.125788e-15
6.978310e+02 3.853331e-15
8.058420e+02 2.886835e-15
9.305720e+02 2.154365e-15
1.074610e+03 1.577612e-15
1.240940e+03 1.181756e-15
1.433010e+03 8.819162e-16
1.654820e+03 6.553501e-16
1.910950e+03 4.773617e-16
2.206730e+03 3.558651e-16
2.548300e+03 2.641850e-16
2.942730e+03 1.951952e-16
3.398210e+03 1.411653e-16
3.924190e+03 1.045600e-16
4.531580e+03 7.707998e-17
5.232990e+03 5.651736e-17
6.042960e+03 4.048183e-17
6.978310e+03 2.972793e-17
8.058420e+03 2.171144e-17
9.305720e+03 1.575856e-17
1.074610e+04 1.114272e-17
1.240940e+04 8.090057e-18
1.433010e+04 5.836033e-18
1.654820e+04 4.179319e-18
1.910950e+04 2.904680e-18
2.206730e+04 2.077422e-18
2.548300e+04 1.474399e-18
2.942730e+04 1.037302e-18
3.398210e+04 7.044893e-19
3.924190e+04 4.939664e-19
4.531580e+04 3.431321e-19
5.232990e+04 2.358300e-19
6.042960e+04 1.552761e-19
6.978310e+04 1.060642e-19
8.058420e+04 7.161990e-20
9.305720e+04 4.772856e-20
1.074610e+05 3.013286e-20
1.240940e+05 1.988335e-20
1.433010e+05 1.293299e-20
1.654820e+05 8.274151e-21
1.910950e+05 4.931985e-21
2.206730e+05 3.108462e-21
2.548300e+05 1.923993e-21
2.942730e+05 1.166138e-21
3.398210e+05 6.417934e-22
3.924190e+05 3.805447e-22
4.531580e+05 2.205158e-22
5.232990e+05 1.244089e-22
6.042960e+05 6.118772e-23
6.978310e+05 3.344044e-23
8.058420e+05 1.775300e-23
9.305720e+05 9.108496e-24
1.074610e+06 3.811756e-24
1.240940e+06 1.867398e-24
1.433010e+06 8.822003e-25
1.654820e+06 3.991402e-25
1.910950e+06 1.316099e-25
2.206730e+06 5.553701e-26
2.548300e+06 2.241422e-26
2.942730e+06 8.583310e-27
3.398210e+06 1.954946e-27
3.924190e+06 6.662124e-28
4.531580e+06 2.152843e-28
5.232990e+06 6.612041e-29
6.042960e+06 8.269974e-30
6.978310e+06 2.024058e-30
8.058420e+06 4.584364e-31
9.305720e+06 1.008248e-31
1.074610e+07 5.238894e-33
1.240940e+07 7.476866e-34
1.433010e+07 9.016855e-35
1.654820e+07 1.053983e-35
1.910950e+07 1.677993e-37
2.206730e+07 9.760455e-39
2.548300e+07 3.882576e-40
2.942730e+07 1.214027e-41
3.398210e+07 3.522404e-44
3.924190e+07 4.586766e-46
4.531580e+07 2.761687e-48
5.232990e+07 7.418917e-51
6.042960e+07 1.346937e-54
6.978310e+07 7.811919e-58
8.058420e+07 1.021878e-61
9.305720e+07 0.000000e+00
