Ev [GeV]   dN_dEv [s^-1 GeV^-1]
3.398210e-02 9.509004e-10
3.924190e-02 9.156882e-10
4.531580e-02 8.686490e-10
5.232990e-02 8.141189e-10
6.042960e-02 7.469776e-10
6.978310e-02 6.687271e-10
8.058420e-02 5.808172e-10
9.305720e-02 4.863097e-10
1.074610e-01 3.900283e-10
1.240940e-01 3.082003e-10
1.433010e-01 2.392856e-10
1.654820e-01 1.830188e-10
1.910950e-01 1.363859e-10
2.206730e-01 1.026731e-10
2.548300e-01 7.665053e-11
2.942730e-01 5.677078e-11
3.398210e-01 4.144456e-11
3.924190e-01 3.081980e-11
4.531580e-01 2.286648e-11
5.232990e-01 1.693172e-11
6.042960e-01 1.244491e-11
6.978310e-01 9.320338e-12
8.058420e-01 6.975750e-12
9.305720e-01 5.213504e-12
1.074610e+00 3.854421e-12
1.240940e+00 2.905105e-12
1.433010e+00 2.184956e-12
1.654820e+00 1.639209e-12
1.910950e+00 1.214181e-12
2.206730e+00 9.171053e-13
2.548300e+00 6.909192e-13
2.942730e+00 5.189988e-13
3.398210e+00 3.848317e-13
3.924190e+00 2.906239e-13
4.531580e+00 2.187606e-13
5.232990e+00 1.640781e-13
6.042960e+00 1.215527e-13
6.978310e+00 9.167164e-14
8.058420e+00 6.896306e-14
9.305720e+00 5.174658e-14
1.074610e+01 3.839871e-14
1.240940e+01 2.901847e-14
1.433010e+01 2.187669e-14
1.654820e+01 1.644518e-14
1.910950e+01 1.219409e-14
2.206730e+01 9.214858e-15
2.548300e+01 6.943011e-15
2.942730e+01 5.215162e-15
3.398210e+01 3.859509e-15
3.924190e+01 2.916075e-15
4.531580e+01 2.198127e-15
5.232990e+01 1.652600e-15
6.042960e+01 1.223819e-15
6.978310e+01 9.259974e-16
8.058420e+01 6.990314e-16
9.305720e+01 5.262414e-16
1.074610e+02 3.898735e-16
1.240940e+02 2.951057e-16
1.433010e+02 2.227738e-16
1.654820e+02 1.676471e-16
1.910950e+02 1.240752e-16
2.206730e+02 9.383421e-17
2.548300e+02 7.076291e-17
2.942730e+02 5.319232e-17
3.398210e+02 3.930833e-17
3.924190e+02 2.969005e-17
4.531580e+02 2.235894e-17
5.232990e+02 1.678166e-17
6.042960e+02 1.237748e-17
6.978310e+02 9.332807e-18
8.058420e+02 7.015164e-18
9.305720e+02 5.254456e-18
1.074610e+03 3.865521e-18
1.240940e+03 2.907903e-18
1.433010e+03 2.180242e-18
1.654820e+03 1.628482e-18
1.910950e+03 1.193896e-18
2.206730e+03 8.953015e-19
2.548300e+03 6.689614e-19
2.942730e+03 4.977941e-19
3.398210e+03 3.632468e-19
3.924190e+03 2.712442e-19
4.531580e+03 2.017347e-19
5.232990e+03 1.493600e-19
6.042960e+03 1.083039e-19
6.978310e+03 8.041254e-20
8.058420e+03 5.943578e-20
9.305720e+03 4.370781e-20
1.074610e+04 3.142470e-20
1.240940e+04 2.315492e-20
1.433010e+04 1.697359e-20
1.654820e+04 1.236978e-20
1.910950e+04 8.792763e-21
2.206730e+04 6.413560e-21
2.548300e+04 4.650086e-21
2.942730e+04 3.348575e-21
3.398210e+04 2.344216e-21
3.924190e+04 1.687185e-21
4.531580e+04 1.205678e-21
5.232990e+04 8.546394e-22
6.042960e+04 5.862287e-22
6.978310e+04 4.145536e-22
8.058420e+04 2.906448e-22
9.305720e+04 2.017899e-22
1.074610e+05 1.346875e-22
1.240940e+05 9.306178e-23
1.433010e+05 6.362869e-23
1.654820e+05 4.298528e-23
1.910950e+05 2.765593e-23
2.206730e+05 1.853360e-23
2.548300e+05 1.225946e-23
2.942730e+05 7.989142e-24
3.398210e+05 4.889606e-24
3.924190e+05 3.147063e-24
4.531580e+05 1.992715e-24
5.232990e+05 1.238255e-24
6.042960e+05 7.075340e-25
6.978310e+05 4.316375e-25
8.058420e+05 2.579479e-25
9.305720e+05 1.505060e-25
1.074610e+06 7.813194e-26
1.240940e+06 4.438623e-26
1.433010e+06 2.456609e-26
1.654820e+06 1.318738e-26
1.910950e+06 5.973745e-27
2.206730e+06 3.085266e-27
2.548300e+06 1.541992e-27
2.942730e+06 7.413357e-28
3.398210e+06 2.754435e-28
3.924190e+06 1.250875e-28
4.531580e+06 5.453624e-29
5.232990e+06 2.264970e-29
6.042960e+06 6.238145e-30
6.978310e+06 2.368160e-30
8.058420e+06 8.560617e-31
9.305720e+06 2.930502e-31
1.074610e+07 4.992719e-32
1.240940e+07 1.450240e-32
1.433010e+07 3.960772e-33
1.654820e+07 1.038208e-33
1.910950e+07 8.333816e-35
2.206730e+07 1.576964e-35
2.548300e+07 2.665586e-36
2.942730e+07 4.413903e-37
3.398210e+07 1.268089e-38
3.924190e+07 1.181468e-39
4.531580e+07 8.428637e-41
5.232990e+07 5.453385e-42
6.042960e+07 3.730007e-44
6.978310e+07 1.031198e-45
8.058420e+07 1.234783e-47
9.305720e+07 0.000000e+00
