Ev [GeV]   dN_dEv [s^-1 GeV^-1]
3.398210e-02 1.345292e-06
3.924190e-02 1.293914e-06
4.531580e-02 1.225690e-06
5.232990e-02 1.146559e-06
6.042960e-02 1.048447e-06
6.978310e-02 9.354019e-07
8.058420e-02 8.087589e-07
9.305720e-02 6.732191e-07
1.074610e-01 5.342299e-07
1.240940e-01 4.193900e-07
1.433010e-01 3.237029e-07
1.654820e-01 2.462895e-07
1.910950e-01 1.822203e-07
2.206730e-01 1.368601e-07
2.548300e-01 1.020479e-07
2.942730e-01 7.554358e-08
3.398210e-01 5.513348e-08
3.924190e-01 4.099621e-08
4.531580e-01 3.041467e-08
5.232990e-01 2.251921e-08
6.042960e-01 1.655066e-08
6.978310e-01 1.239456e-08
8.058420e-01 9.276093e-09
9.305720e-01 6.932317e-09
1.074610e+00 5.124822e-09
1.240940e+00 3.862377e-09
1.433010e+00 2.904728e-09
1.654820e+00 2.179048e-09
1.910950e+00 1.613911e-09
2.206730e+00 1.218933e-09
2.548300e+00 9.182287e-10
2.942730e+00 6.896824e-10
3.398210e+00 5.113327e-10
3.924190e+00 3.861142e-10
4.531580e+00 2.906053e-10
5.232990e+00 2.179348e-10
6.042960e+00 1.614253e-10
6.978310e+00 1.217235e-10
8.058420e+00 9.155471e-11
9.305720e+00 6.868535e-11
1.074610e+01 5.095686e-11
1.240940e+01 3.850052e-11
1.433010e+01 2.901810e-11
1.654820e+01 2.180773e-11
1.910950e+01 1.616514e-11
2.206730e+01 1.221189e-11
2.548300e+01 9.197904e-12
2.942730e+01 6.906184e-12
3.398210e+01 5.108474e-12
3.924190e+01 3.857955e-12
4.531580e+01 2.906616e-12
5.232990e+01 2.183996e-12
6.042960e+01 1.616182e-12
6.978310e+01 1.222046e-12
8.058420e+01 9.218253e-13
9.305720e+01 6.933842e-13
1.074610e+02 5.131657e-13
1.240940e+02 3.880455e-13
1.433010e+02 2.926118e-13
1.654820e+02 2.199345e-13
1.910950e+02 1.625221e-13
2.206730e+02 1.227330e-13
2.548300e+02 9.240758e-14
2.942730e+02 6.933842e-14
3.398210e+02 5.112549e-14
3.924190e+02 3.853480e-14
4.531580e+02 2.895253e-14
5.232990e+02 2.167454e-14
6.042960e+02 1.593467e-14
6.978310e+02 1.197895e-14
8.058420e+02 8.974379e-15
9.305720e+02 6.697329e-15
1.074610e+03 4.904362e-15
1.240940e+03 3.673756e-15
1.433010e+03 2.741635e-15
1.654820e+03 2.037304e-15
1.910950e+03 1.483987e-15
2.206730e+03 1.106287e-15
2.548300e+03 8.212786e-16
2.942730e+03 6.068084e-16
3.398210e+03 4.388441e-16
3.924190e+03 3.250484e-16
4.531580e+03 2.396205e-16
5.232990e+03 1.756970e-16
6.042960e+03 1.258469e-16
6.978310e+03 9.241600e-17
8.058420e+03 6.749491e-17
9.305720e+03 4.898904e-17
1.074610e+04 3.463966e-17
1.240940e+04 2.514977e-17
1.433010e+04 1.814263e-17
1.654820e+04 1.299236e-17
1.910950e+04 9.029853e-18
2.206730e+04 6.458135e-18
2.548300e+04 4.583504e-18
2.942730e+04 3.224688e-18
3.398210e+04 2.190064e-18
3.924190e+04 1.535606e-18
4.531580e+04 1.066704e-18
5.232990e+04 7.331307e-19
6.042960e+04 4.827109e-19
6.978310e+04 3.297245e-19
8.058420e+04 2.226466e-19
9.305720e+04 1.483750e-19
1.074610e+05 9.367480e-20
1.240940e+05 6.181188e-20
1.433010e+05 4.020511e-20
1.654820e+05 2.572207e-20
1.910950e+05 1.533219e-20
2.206730e+05 9.663357e-21
2.548300e+05 5.981167e-21
2.942730e+05 3.625202e-21
3.398210e+05 1.995160e-21
3.924190e+05 1.183009e-21
4.531580e+05 6.855232e-22
5.232990e+05 3.867530e-22
6.042960e+05 1.902158e-22
6.978310e+05 1.039572e-22
8.058420e+05 5.518921e-23
9.305720e+05 2.831582e-23
1.074610e+06 1.184970e-23
1.240940e+06 5.805229e-24
1.433010e+06 2.742519e-24
1.654820e+06 1.240817e-24
1.910950e+06 4.091392e-25
2.206730e+06 1.726493e-25
2.548300e+06 6.967967e-26
2.942730e+06 2.668316e-26
3.398210e+06 6.077391e-27
3.924190e+06 2.071072e-27
4.531580e+06 6.692597e-28
5.232990e+06 2.055502e-28
6.042960e+06 2.570908e-29
6.978310e+06 6.292240e-30
8.058420e+06 1.425153e-30
9.305720e+06 3.134368e-31
1.074610e+07 1.628628e-32
1.240940e+07 2.324352e-33
1.433010e+07 2.803093e-34
1.654820e+07 3.276544e-35
1.910950e+07 5.216419e-37
2.206730e+07 3.034258e-38
2.548300e+07 1.206986e-39
2.942730e+07 3.774077e-41
3.398210e+07 1.095019e-43
3.924190e+07 1.425900e-45
4.531580e+07 8.585328e-48
5.232990e+07 2.306338e-50
6.042960e+07 4.187259e-54
6.978310e+07 2.428512e-57
8.058420e+07 3.176738e-61
9.305720e+07 0.000000e+00
