Ev [GeV]   dN_dEv [s^-1 GeV^-1]
3.398210e-02 4.597874e-07
3.924190e-02 4.422278e-07
4.531580e-02 4.189103e-07
5.232990e-02 3.918655e-07
6.042960e-02 3.583332e-07
6.978310e-02 3.196971e-07
8.058420e-02 2.764137e-07
9.305720e-02 2.300896e-07
1.074610e-01 1.825865e-07
1.240940e-01 1.433371e-07
1.433010e-01 1.106336e-07
1.654820e-01 8.417562e-08
1.910950e-01 6.227836e-08
2.206730e-01 4.677540e-08
2.548300e-01 3.487744e-08
2.942730e-01 2.581892e-08
3.398210e-01 1.884325e-08
3.924190e-01 1.401148e-08
4.531580e-01 1.039498e-08
5.232990e-01 7.696507e-09
6.042960e-01 5.656606e-09
6.978310e-01 4.236151e-09
8.058420e-01 3.170338e-09
9.305720e-01 2.369294e-09
1.074610e+00 1.751537e-09
1.240940e+00 1.320065e-09
1.433010e+00 9.927639e-10
1.654820e+00 7.447445e-10
1.910950e+00 5.515946e-10
2.206730e+00 4.166010e-10
2.548300e+00 3.138278e-10
2.942730e+00 2.357163e-10
3.398210e+00 1.747608e-10
3.924190e+00 1.319642e-10
4.531580e+00 9.932167e-11
5.232990e+00 7.448470e-11
6.042960e+00 5.517114e-11
6.978310e+00 4.160205e-11
8.058420e+00 3.129112e-11
9.305720e+00 2.347495e-11
1.074610e+01 1.741579e-11
1.240940e+01 1.315852e-11
1.433010e+01 9.917665e-12
1.654820e+01 7.453340e-12
1.910950e+01 5.524842e-12
2.206730e+01 4.173719e-12
2.548300e+01 3.143615e-12
2.942730e+01 2.360362e-12
3.398210e+01 1.745949e-12
3.924190e+01 1.318553e-12
4.531580e+01 9.934090e-13
5.232990e+01 7.464356e-13
6.042960e+01 5.523709e-13
6.978310e+01 4.176649e-13
8.058420e+01 3.150570e-13
9.305720e+01 2.369815e-13
1.074610e+02 1.753873e-13
1.240940e+02 1.326243e-13
1.433010e+02 1.000075e-13
1.654820e+02 7.516814e-14
1.910950e+02 5.554602e-14
2.206730e+02 4.194710e-14
2.548300e+02 3.158262e-14
2.942730e+02 2.369815e-14
3.398210e+02 1.747342e-14
3.924190e+02 1.317024e-14
4.531580e+02 9.895255e-15
5.232990e+02 7.407819e-15
6.042960e+02 5.446074e-15
6.978310e+02 4.094107e-15
8.058420e+02 3.067220e-15
9.305720e+02 2.288981e-15
1.074610e+03 1.676189e-15
1.240940e+03 1.255599e-15
1.433010e+03 9.370229e-16
1.654820e+03 6.962998e-16
1.910950e+03 5.071898e-16
2.206730e+03 3.781015e-16
2.548300e+03 2.806926e-16
2.942730e+03 2.073920e-16
3.398210e+03 1.499860e-16
3.924190e+03 1.110935e-16
4.531580e+03 8.189634e-17
5.232990e+03 6.004886e-17
6.042960e+03 4.301135e-17
6.978310e+03 3.158549e-17
8.058420e+03 2.306808e-17
9.305720e+03 1.674324e-17
1.074610e+04 1.183897e-17
1.240940e+04 8.595566e-18
1.433010e+04 6.200699e-18
1.654820e+04 4.440465e-18
1.910950e+04 3.086179e-18
2.206730e+04 2.207230e-18
2.548300e+04 1.566528e-18
2.942730e+04 1.102118e-18
3.398210e+04 7.485095e-19
3.924190e+04 5.248320e-19
4.531580e+04 3.645728e-19
5.232990e+04 2.505659e-19
6.042960e+04 1.649786e-19
6.978310e+04 1.126916e-19
8.058420e+04 7.609509e-20
9.305720e+04 5.071089e-20
1.074610e+05 3.201572e-20
1.240940e+05 2.112576e-20
1.433010e+05 1.374111e-20
1.654820e+05 8.791163e-21
1.910950e+05 5.240161e-21
2.206730e+05 3.302695e-21
2.548300e+05 2.044214e-21
2.942730e+05 1.239004e-21
3.398210e+05 6.818959e-22
3.924190e+05 4.043231e-22
4.531580e+05 2.342948e-22
5.232990e+05 1.321826e-22
6.042960e+05 6.501104e-23
6.978310e+05 3.552997e-23
8.058420e+05 1.886230e-23
9.305720e+05 9.677643e-24
1.074610e+06 4.049934e-24
1.240940e+06 1.984083e-24
1.433010e+06 9.373248e-25
1.654820e+06 4.240805e-25
1.910950e+06 1.398336e-25
2.206730e+06 5.900725e-26
2.548300e+06 2.381478e-26
2.942730e+06 9.119639e-27
3.398210e+06 2.077101e-27
3.924190e+06 7.078408e-28
4.531580e+06 2.287363e-28
5.232990e+06 7.025196e-29
6.042960e+06 8.786725e-30
6.978310e+06 2.150531e-30
8.058420e+06 4.870819e-31
9.305720e+06 1.071249e-31
1.074610e+07 5.566247e-33
1.240940e+07 7.944059e-34
1.433010e+07 9.580275e-35
1.654820e+07 1.119841e-35
1.910950e+07 1.782842e-37
2.206730e+07 1.037034e-38
2.548300e+07 4.125179e-40
2.942730e+07 1.289886e-41
3.398210e+07 3.742502e-44
3.924190e+07 4.873371e-46
4.531580e+07 2.934252e-48
5.232990e+07 7.882490e-51
6.042960e+07 1.431101e-54
6.978310e+07 8.300049e-58
8.058420e+07 1.085730e-61
9.305720e+07 0.000000e+00
