Ev [GeV]   dN_dEv [s^-1 GeV^-1]
3.398210e-02 2.158446e-06
3.924190e-02 2.076014e-06
4.531580e-02 1.966551e-06
5.232990e-02 1.839591e-06
6.042960e-02 1.682175e-06
6.978310e-02 1.500800e-06
8.058420e-02 1.297609e-06
9.305720e-02 1.080143e-06
1.074610e-01 8.571423e-07
1.240940e-01 6.728879e-07
1.433010e-01 5.193633e-07
1.654820e-01 3.951578e-07
1.910950e-01 2.923623e-07
2.206730e-01 2.195845e-07
2.548300e-01 1.637302e-07
2.942730e-01 1.212055e-07
3.398210e-01 8.845860e-08
3.924190e-01 6.577614e-08
4.531580e-01 4.879864e-08
5.232990e-01 3.613082e-08
6.042960e-01 2.655462e-08
6.978310e-01 1.988638e-08
8.058420e-01 1.488298e-08
9.305720e-01 1.112252e-08
1.074610e+00 8.222491e-09
1.240940e+00 6.196970e-09
1.433010e+00 4.660475e-09
1.654820e+00 3.496162e-09
1.910950e+00 2.589430e-09
2.206730e+00 1.955710e-09
2.548300e+00 1.473247e-09
2.942730e+00 1.106557e-09
3.398210e+00 8.204049e-10
3.924190e+00 6.194987e-10
4.531580e+00 4.662601e-10
5.232990e+00 3.496643e-10
6.042960e+00 2.589979e-10
6.978310e+00 1.952985e-10
8.058420e+00 1.468944e-10
9.305720e+00 1.102018e-10
1.074610e+01 8.175745e-11
1.240940e+01 6.177195e-11
1.433010e+01 4.655793e-11
1.654820e+01 3.498929e-11
1.910950e+01 2.593606e-11
2.206730e+01 1.959329e-11
2.548300e+01 1.475753e-11
2.942730e+01 1.108059e-11
3.398210e+01 8.196263e-12
3.924190e+01 6.189875e-12
4.531580e+01 4.663504e-12
5.232990e+01 3.504100e-12
6.042960e+01 2.593075e-12
6.978310e+01 1.960704e-12
8.058420e+01 1.479018e-12
9.305720e+01 1.112496e-12
1.074610e+02 8.233459e-13
1.240940e+02 6.225974e-13
1.433010e+02 4.694794e-13
1.654820e+02 3.528726e-13
1.910950e+02 2.607577e-13
2.206730e+02 1.969183e-13
2.548300e+02 1.482628e-13
2.942730e+02 1.112496e-13
3.398210e+02 8.202801e-14
3.924190e+02 6.182695e-14
4.531580e+02 4.645272e-14
5.232990e+02 3.477559e-14
6.042960e+02 2.556629e-14
6.978310e+02 1.921956e-14
8.058420e+02 1.439889e-14
9.305720e+02 1.074549e-14
1.074610e+03 7.868777e-15
1.240940e+03 5.894338e-15
1.433010e+03 4.398802e-15
1.654820e+03 3.268741e-15
1.910950e+03 2.380974e-15
2.206730e+03 1.774976e-15
2.548300e+03 1.317696e-15
2.942730e+03 9.735904e-16
3.398210e+03 7.041010e-16
3.924190e+03 5.215221e-16
4.531580e+03 3.844578e-16
5.232990e+03 2.818960e-16
6.042960e+03 2.019144e-16
6.978310e+03 1.482763e-16
8.058420e+03 1.082918e-16
9.305720e+03 7.860020e-17
1.074610e+04 5.557741e-17
1.240940e+04 4.035141e-17
1.433010e+04 2.910884e-17
1.654820e+04 2.084551e-17
1.910950e+04 1.448790e-17
2.206730e+04 1.036172e-17
2.548300e+04 7.353977e-18
2.942730e+04 5.173832e-18
3.398210e+04 3.513836e-18
3.924190e+04 2.463795e-18
4.531580e+04 1.711467e-18
5.232990e+04 1.176267e-18
6.042960e+04 7.744829e-19
6.978310e+04 5.290247e-19
8.058420e+04 3.572242e-19
9.305720e+04 2.380595e-19
1.074610e+05 1.502960e-19
1.240940e+05 9.917372e-20
1.433010e+05 6.450687e-20
1.654820e+05 4.126963e-20
1.910950e+05 2.459965e-20
2.206730e+05 1.550432e-20
2.548300e+05 9.596450e-21
2.942730e+05 5.816436e-21
3.398210e+05 3.201123e-21
3.924190e+05 1.898072e-21
4.531580e+05 1.099884e-21
5.232990e+05 6.205238e-22
6.042960e+05 3.051907e-22
6.978310e+05 1.667935e-22
8.058420e+05 8.854803e-23
9.305720e+05 4.543116e-23
1.074610e+06 1.901219e-23
1.240940e+06 9.314167e-24
1.433010e+06 4.400219e-24
1.654820e+06 1.990823e-24
1.910950e+06 6.564411e-25
2.206730e+06 2.770063e-25
2.548300e+06 1.117972e-25
2.942730e+06 4.281164e-26
3.398210e+06 9.750837e-27
3.924190e+06 3.322920e-27
4.531580e+06 1.073790e-27
5.232990e+06 3.297939e-28
6.042960e+06 4.124879e-29
6.978310e+06 1.009555e-29
8.058420e+06 2.286579e-30
9.305720e+06 5.028919e-31
1.074610e+07 2.613044e-32
1.240940e+07 3.729294e-33
1.433010e+07 4.497407e-34
1.654820e+07 5.257032e-35
1.910950e+07 8.369454e-37
2.206730e+07 4.868298e-38
2.548300e+07 1.936543e-39
2.942730e+07 6.055297e-41
3.398210e+07 1.756897e-43
3.924190e+07 2.287777e-45
4.531580e+07 1.377468e-47
5.232990e+07 3.700391e-50
6.042960e+07 6.718224e-54
6.978310e+07 3.896412e-57
8.058420e+07 5.096900e-61
9.305720e+07 0.000000e+00
