Ev [GeV]   dN_dEv [s^-1 GeV^-1]
3.398210e-02 3.369434e-07
3.924190e-02 3.240753e-07
4.531580e-02 3.069877e-07
5.232990e-02 2.871686e-07
6.042960e-02 2.625953e-07
6.978310e-02 2.342819e-07
8.058420e-02 2.025627e-07
9.305720e-02 1.686152e-07
1.074610e-01 1.338039e-07
1.240940e-01 1.050409e-07
1.433010e-01 8.107499e-08
1.654820e-01 6.168595e-08
1.910950e-01 4.563910e-08
2.206730e-01 3.427815e-08
2.548300e-01 2.555904e-08
2.942730e-01 1.892073e-08
3.398210e-01 1.380879e-08
3.924190e-01 1.026796e-08
4.531580e-01 7.617693e-09
5.232990e-01 5.640188e-09
6.042960e-01 4.145299e-09
6.978310e-01 3.104355e-09
8.058420e-01 2.323301e-09
9.305720e-01 1.736276e-09
1.074610e+00 1.283569e-09
1.240940e+00 9.673755e-10
1.433010e+00 7.275216e-10
1.654820e+00 5.457670e-10
1.910950e+00 4.042220e-10
2.206730e+00 3.052954e-10
2.548300e+00 2.299806e-10
2.942730e+00 1.727387e-10
3.398210e+00 1.280690e-10
3.924190e+00 9.670660e-11
4.531580e+00 7.278534e-11
5.232990e+00 5.458420e-11
6.042960e+00 4.043076e-11
6.978310e+00 3.048700e-11
8.058420e+00 2.293090e-11
9.305720e+00 1.720301e-11
1.074610e+01 1.276271e-11
1.240940e+01 9.642885e-12
1.433010e+01 7.267907e-12
1.654820e+01 5.461989e-12
1.910950e+01 4.048739e-12
2.206730e+01 3.058603e-12
2.548300e+01 2.303718e-12
2.942730e+01 1.729731e-12
3.398210e+01 1.279474e-12
3.924190e+01 9.662679e-13
4.531580e+01 7.279944e-13
5.232990e+01 5.470062e-13
6.042960e+01 4.047909e-13
6.978310e+01 3.060750e-13
8.058420e+01 2.308814e-13
9.305720e+01 1.736658e-13
1.074610e+02 1.285281e-13
1.240940e+02 9.719032e-14
1.433010e+02 7.328790e-14
1.654820e+02 5.508504e-14
1.910950e+02 4.070548e-14
2.206730e+02 3.073985e-14
2.548300e+02 2.314451e-14
2.942730e+02 1.736658e-14
3.398210e+02 1.280495e-14
3.924190e+02 9.651472e-15
4.531580e+02 7.251484e-15
5.232990e+02 5.428630e-15
6.042960e+02 3.991016e-15
6.978310e+02 3.000262e-15
8.058420e+02 2.247734e-15
9.305720e+02 1.677421e-15
1.074610e+03 1.228352e-15
1.240940e+03 9.201333e-16
1.433010e+03 6.866732e-16
1.654820e+03 5.102655e-16
1.910950e+03 3.716810e-16
2.206730e+03 2.770820e-16
2.548300e+03 2.056984e-16
2.942730e+03 1.519819e-16
3.398210e+03 1.099134e-16
3.924190e+03 8.141201e-17
4.531580e+03 6.001564e-17
5.232990e+03 4.400527e-17
6.042960e+03 3.151976e-17
6.978310e+03 2.314662e-17
8.058420e+03 1.690485e-17
9.305720e+03 1.226985e-17
1.074610e+04 8.675889e-18
1.240940e+04 6.299040e-18
1.433010e+04 4.544024e-18
1.654820e+04 3.254081e-18
1.910950e+04 2.261628e-18
2.206730e+04 1.617512e-18
2.548300e+04 1.147990e-18
2.942730e+04 8.076590e-19
3.398210e+04 5.485260e-19
3.924190e+04 3.846097e-19
4.531580e+04 2.671678e-19
5.232990e+04 1.836208e-19
6.042960e+04 1.209003e-19
6.978310e+04 8.258318e-20
8.058420e+04 5.576434e-20
9.305720e+04 3.716218e-20
1.074610e+05 2.346190e-20
1.240940e+05 1.548147e-20
1.433010e+05 1.006982e-20
1.654820e+05 6.442379e-21
1.910950e+05 3.840118e-21
2.206730e+05 2.420296e-21
2.548300e+05 1.498050e-21
2.942730e+05 9.079724e-22
3.398210e+05 4.997100e-22
3.924190e+05 2.962978e-22
4.531580e+05 1.716969e-22
5.232990e+05 9.686661e-23
6.042960e+05 4.764168e-23
6.978310e+05 2.603723e-23
8.058420e+05 1.382275e-23
9.305720e+05 7.092012e-24
1.074610e+06 2.967891e-24
1.240940e+06 1.453984e-24
1.433010e+06 6.868945e-25
1.654820e+06 3.107766e-25
1.910950e+06 1.024735e-25
2.206730e+06 4.324195e-26
2.548300e+06 1.745205e-26
2.942730e+06 6.683094e-27
3.398210e+06 1.522151e-27
3.924190e+06 5.187230e-28
4.531580e+06 1.676236e-28
5.232990e+06 5.148235e-29
6.042960e+06 6.439126e-30
6.978310e+06 1.575962e-30
8.058420e+06 3.569455e-31
9.305720e+06 7.850375e-32
1.074610e+07 4.079082e-33
1.240940e+07 5.821600e-34
1.433010e+07 7.020659e-35
1.654820e+07 8.206469e-36
1.910950e+07 1.306510e-37
2.206730e+07 7.599637e-39
2.548300e+07 3.023032e-40
2.942730e+07 9.452597e-42
3.398210e+07 2.742597e-44
3.924190e+07 3.571325e-46
4.531580e+07 2.150291e-48
5.232990e+07 5.776481e-51
6.042960e+07 1.048746e-54
6.978310e+07 6.082478e-58
8.058420e+07 7.956496e-62
9.305720e+07 0.000000e+00
