Ev [GeV]   dN_dEv [s^-1 GeV^-1]
3.398210e-02 6.620168e-08
3.924190e-02 6.367340e-08
4.531580e-02 6.031606e-08
5.232990e-02 5.642207e-08
6.042960e-02 5.159398e-08
6.978310e-02 4.603103e-08
8.058420e-02 3.979894e-08
9.305720e-02 3.312904e-08
1.074610e-01 2.628940e-08
1.240940e-01 2.063814e-08
1.433010e-01 1.592938e-08
1.654820e-01 1.211988e-08
1.910950e-01 8.967040e-09
2.206730e-01 6.734874e-09
2.548300e-01 5.021767e-09
2.942730e-01 3.717492e-09
3.398210e-01 2.713113e-09
3.924190e-01 2.017419e-09
4.531580e-01 1.496703e-09
5.232990e-01 1.108168e-09
6.042960e-01 8.144565e-10
6.978310e-01 6.099348e-10
8.058420e-01 4.564756e-10
9.305720e-01 3.411386e-10
1.074610e+00 2.521919e-10
1.240940e+00 1.900672e-10
1.433010e+00 1.429414e-10
1.654820e+00 1.072307e-10
1.910950e+00 7.942038e-11
2.206730e+00 5.998356e-11
2.548300e+00 4.518594e-11
2.942730e+00 3.393920e-11
3.398210e+00 2.516263e-11
3.924190e+00 1.900064e-11
4.531580e+00 1.430066e-11
5.232990e+00 1.072455e-11
6.042960e+00 7.943720e-12
6.978310e+00 5.989999e-12
8.058420e+00 4.505398e-12
9.305720e+00 3.379999e-12
1.074610e+01 2.507582e-12
1.240940e+01 1.894607e-12
1.433010e+01 1.427978e-12
1.654820e+01 1.073156e-12
1.910950e+01 7.954847e-13
2.206730e+01 6.009457e-13
2.548300e+01 4.526279e-13
2.942730e+01 3.398526e-13
3.398210e+01 2.513875e-13
3.924190e+01 1.898496e-13
4.531580e+01 1.430343e-13
5.232990e+01 1.074742e-13
6.042960e+01 7.953217e-14
6.978310e+01 6.013675e-14
8.058420e+01 4.536293e-14
9.305720e+01 3.412137e-14
1.074610e+02 2.525283e-14
1.240940e+02 1.909568e-14
1.433010e+02 1.439940e-14
1.654820e+02 1.082295e-14
1.910950e+02 7.997696e-15
2.206730e+02 6.039679e-15
2.548300e+02 4.547368e-15
2.942730e+02 3.412137e-15
3.398210e+02 2.515880e-15
3.924190e+02 1.896294e-15
4.531580e+02 1.424751e-15
5.232990e+02 1.066602e-15
6.042960e+02 7.841435e-16
6.978310e+02 5.894829e-16
8.058420e+02 4.416283e-16
9.305720e+02 3.295749e-16
1.074610e+03 2.413432e-16
1.240940e+03 1.807852e-16
1.433010e+03 1.349156e-16
1.654820e+03 1.002555e-16
1.910950e+03 7.302683e-17
2.206730e+03 5.444028e-17
2.548300e+03 4.041504e-17
2.942730e+03 2.986098e-17
3.398210e+03 2.159548e-17
3.924190e+03 1.599560e-17
4.531580e+03 1.179170e-17
5.232990e+03 8.646030e-18
6.042960e+03 6.192913e-18
6.978310e+03 4.547782e-18
8.058420e+03 3.321417e-18
9.305720e+03 2.410746e-18
1.074610e+04 1.704614e-18
1.240940e+04 1.237618e-18
1.433010e+04 8.927969e-19
1.654820e+04 6.393525e-19
1.910950e+04 4.443582e-19
2.206730e+04 3.178042e-19
2.548300e+04 2.255537e-19
2.942730e+04 1.586866e-19
3.398210e+04 1.077728e-19
3.924190e+04 7.556702e-20
4.531580e+04 5.249238e-20
5.232990e+04 3.607729e-20
6.042960e+04 2.375416e-20
6.978310e+04 1.622571e-20
8.058420e+04 1.095642e-20
9.305720e+04 7.301519e-21
1.074610e+05 4.609727e-21
1.240940e+05 3.041756e-21
1.433010e+05 1.978490e-21
1.654820e+05 1.265780e-21
1.910950e+05 7.544955e-22
2.206730e+05 4.755328e-22
2.548300e+05 2.943326e-22
2.942730e+05 1.783958e-22
3.398210e+05 9.818160e-23
3.924190e+05 5.821576e-23
4.531580e+05 3.373453e-23
5.232990e+05 1.903208e-23
6.042960e+05 9.360502e-24
6.978310e+05 5.115721e-24
8.058420e+05 2.715856e-24
9.305720e+05 1.393418e-24
1.074610e+06 5.831227e-25
1.240940e+06 2.856747e-25
1.433010e+06 1.349591e-25
1.654820e+06 6.106050e-26
1.910950e+06 2.013370e-26
2.206730e+06 8.496057e-27
2.548300e+06 3.428930e-27
2.942730e+06 1.313075e-27
3.398210e+06 2.990678e-28
3.924190e+06 1.019172e-28
4.531580e+06 3.293420e-29
5.232990e+06 1.011511e-29
6.042960e+06 1.265141e-30
6.978310e+06 3.096405e-31
8.058420e+06 7.013164e-32
9.305720e+06 1.542419e-32
1.074610e+07 8.014464e-34
1.240940e+07 1.143811e-34
1.433010e+07 1.379399e-35
1.654820e+07 1.612384e-36
1.910950e+07 2.566994e-38
2.206730e+07 1.493155e-39
2.548300e+07 5.939567e-41
2.942730e+07 1.857219e-42
3.398210e+07 5.388577e-45
3.924190e+07 7.016838e-47
4.531580e+07 4.224831e-49
5.232990e+07 1.134947e-51
6.042960e+07 2.060546e-55
6.978310e+07 1.195068e-58
8.058420e+07 1.563270e-62
9.305720e+07 0.000000e+00
