Ev [GeV]   dN_dEv [s^-1 GeV^-1]
3.398210e-02 5.396115e-07
3.924190e-02 5.190034e-07
4.531580e-02 4.916377e-07
5.232990e-02 4.598977e-07
6.042960e-02 4.205439e-07
6.978310e-02 3.752001e-07
8.058420e-02 3.244022e-07
9.305720e-02 2.700357e-07
1.074610e-01 2.142856e-07
1.240940e-01 1.682220e-07
1.433010e-01 1.298408e-07
1.654820e-01 9.878944e-08
1.910950e-01 7.309057e-08
2.206730e-01 5.489612e-08
2.548300e-01 4.093255e-08
2.942730e-01 3.030137e-08
3.398210e-01 2.211465e-08
3.924190e-01 1.644403e-08
4.531580e-01 1.219966e-08
5.232990e-01 9.032706e-09
6.042960e-01 6.638655e-09
6.978310e-01 4.971594e-09
8.058420e-01 3.720744e-09
9.305720e-01 2.780629e-09
1.074610e+00 2.055623e-09
1.240940e+00 1.549242e-09
1.433010e+00 1.165119e-09
1.654820e+00 8.740405e-10
1.910950e+00 6.473575e-10
2.206730e+00 4.889275e-10
2.548300e+00 3.683118e-10
2.942730e+00 2.766393e-10
3.398210e+00 2.051012e-10
3.924190e+00 1.548747e-10
4.531580e+00 1.165650e-10
5.232990e+00 8.741607e-11
6.042960e+00 6.474946e-11
6.978310e+00 4.882463e-11
8.058420e+00 3.672361e-11
9.305720e+00 2.755046e-11
1.074610e+01 2.043936e-11
1.240940e+01 1.544299e-11
1.433010e+01 1.163948e-11
1.654820e+01 8.747322e-12
1.910950e+01 6.484015e-12
2.206730e+01 4.898323e-12
2.548300e+01 3.689382e-12
2.942730e+01 2.770147e-12
3.398210e+01 2.049066e-12
3.924190e+01 1.547469e-12
4.531580e+01 1.165876e-12
5.232990e+01 8.760251e-13
6.042960e+01 6.482687e-13
6.978310e+01 4.901761e-13
8.058420e+01 3.697544e-13
9.305720e+01 2.781241e-13
1.074610e+02 2.058365e-13
1.240940e+02 1.556494e-13
1.433010e+02 1.173699e-13
1.654820e+02 8.821816e-14
1.910950e+02 6.518942e-14
2.206730e+02 4.922958e-14
2.548300e+02 3.706571e-14
2.942730e+02 2.781241e-14
3.398210e+02 2.050700e-14
3.924190e+02 1.545674e-14
4.531580e+02 1.161318e-14
5.232990e+02 8.693899e-15
6.042960e+02 6.391573e-15
6.978310e+02 4.804890e-15
8.058420e+02 3.599723e-15
9.305720e+02 2.686373e-15
1.074610e+03 1.967194e-15
1.240940e+03 1.473584e-15
1.433010e+03 1.099700e-15
1.654820e+03 8.171852e-16
1.910950e+03 5.952435e-16
2.206730e+03 4.437441e-16
2.548300e+03 3.294240e-16
2.942730e+03 2.433976e-16
3.398210e+03 1.760253e-16
3.924190e+03 1.303805e-16
4.531580e+03 9.611446e-17
5.232990e+03 7.047401e-17
6.042960e+03 5.047859e-17
6.978310e+03 3.706908e-17
8.058420e+03 2.707296e-17
9.305720e+03 1.965005e-17
1.074610e+04 1.389435e-17
1.240940e+04 1.008785e-17
1.433010e+04 7.277210e-18
1.654820e+04 5.211379e-18
1.910950e+04 3.621974e-18
2.206730e+04 2.590430e-18
2.548300e+04 1.838494e-18
2.942730e+04 1.293458e-18
3.398210e+04 8.784590e-19
3.924190e+04 6.159487e-19
4.531580e+04 4.278667e-19
5.232990e+04 2.940669e-19
6.042960e+04 1.936207e-19
6.978310e+04 1.322562e-19
8.058420e+04 8.930604e-20
9.305720e+04 5.951486e-20
1.074610e+05 3.757400e-20
1.240940e+05 2.479343e-20
1.433010e+05 1.612672e-20
1.654820e+05 1.031741e-20
1.910950e+05 6.149911e-21
2.206730e+05 3.876080e-21
2.548300e+05 2.399113e-21
2.942730e+05 1.454109e-21
3.398210e+05 8.002807e-22
3.924190e+05 4.745181e-22
4.531580e+05 2.749710e-22
5.232990e+05 1.551309e-22
6.042960e+05 7.629768e-23
6.978310e+05 4.169837e-23
8.058420e+05 2.213701e-23
9.305720e+05 1.135779e-23
1.074610e+06 4.753048e-24
1.240940e+06 2.328542e-24
1.433010e+06 1.100055e-24
1.654820e+06 4.977056e-25
1.910950e+06 1.641103e-25
2.206730e+06 6.925157e-26
2.548300e+06 2.794929e-26
2.942730e+06 1.070291e-26
3.398210e+06 2.437709e-27
3.924190e+06 8.307299e-28
4.531580e+06 2.684475e-28
5.232990e+06 8.244848e-29
6.042960e+06 1.031220e-29
6.978310e+06 2.523887e-30
8.058420e+06 5.716447e-31
9.305720e+06 1.257230e-31
1.074610e+07 6.532609e-33
1.240940e+07 9.323236e-34
1.433010e+07 1.124352e-34
1.654820e+07 1.314258e-35
1.910950e+07 2.092364e-37
2.206730e+07 1.217075e-38
2.548300e+07 4.841356e-40
2.942730e+07 1.513824e-41
3.398210e+07 4.392242e-44
3.924190e+07 5.719442e-46
4.531580e+07 3.443670e-48
5.232990e+07 9.250978e-51
6.042960e+07 1.679556e-54
6.978310e+07 9.741030e-58
8.058420e+07 1.274225e-61
9.305720e+07 0.000000e+00
