Ev [GeV]   dN_dEv [s^-1 GeV^-1]
3.398210e-02 2.802251e-09
3.924190e-02 2.698482e-09
4.531580e-02 2.559860e-09
5.232990e-02 2.399163e-09
6.042960e-02 2.201302e-09
6.978310e-02 1.970702e-09
8.058420e-02 1.711636e-09
9.305720e-02 1.433128e-09
1.074610e-01 1.149392e-09
1.240940e-01 9.082491e-10
1.433010e-01 7.051613e-10
1.654820e-01 5.393463e-10
1.910950e-01 4.019216e-10
2.206730e-01 3.025718e-10
2.548300e-01 2.258849e-10
2.942730e-01 1.673003e-10
3.398210e-01 1.221348e-10
3.924190e-01 9.082423e-11
4.531580e-01 6.738626e-11
5.232990e-01 4.989685e-11
6.042960e-01 3.667445e-11
6.978310e-01 2.746652e-11
8.058420e-01 2.055715e-11
9.305720e-01 1.536391e-11
1.074610e+00 1.135876e-11
1.240940e+00 8.561184e-12
1.433010e+00 6.438944e-12
1.654820e+00 4.830659e-12
1.910950e+00 3.578124e-12
2.206730e+00 2.702658e-12
2.548300e+00 2.036100e-12
2.942730e+00 1.529461e-12
3.398210e+00 1.134078e-12
3.924190e+00 8.564525e-13
4.531580e+00 6.446753e-13
5.232990e+00 4.835291e-13
6.042960e+00 3.582089e-13
6.978310e+00 2.701512e-13
8.058420e+00 2.032303e-13
9.305720e+00 1.524943e-13
1.074610e+01 1.131589e-13
1.240940e+01 8.551581e-14
1.433010e+01 6.446940e-14
1.654820e+01 4.846303e-14
1.910950e+01 3.593530e-14
2.206730e+01 2.715568e-14
2.548300e+01 2.046067e-14
2.942730e+01 1.536879e-14
3.398210e+01 1.137376e-14
3.924190e+01 8.593510e-15
4.531580e+01 6.477757e-15
5.232990e+01 4.870121e-15
6.042960e+01 3.606527e-15
6.978310e+01 2.728863e-15
8.058420e+01 2.060007e-15
9.305720e+01 1.550804e-15
1.074610e+02 1.148936e-15
1.240940e+02 8.696601e-16
1.433010e+02 6.565019e-16
1.654820e+02 4.940467e-16
1.910950e+02 3.656427e-16
2.206730e+02 2.765242e-16
2.548300e+02 2.085344e-16
2.942730e+02 1.567548e-16
3.398210e+02 1.158395e-16
3.924190e+02 8.749493e-17
4.531580e+02 6.589056e-17
5.232990e+02 4.945462e-17
6.042960e+02 3.647575e-17
6.978310e+02 2.750326e-17
8.058420e+02 2.067330e-17
9.305720e+02 1.548459e-17
1.074610e+03 1.139148e-17
1.240940e+03 8.569429e-18
1.433010e+03 6.425053e-18
1.654820e+03 4.799045e-18
1.910950e+03 3.518346e-18
2.206730e+03 2.638404e-18
2.548300e+03 1.971392e-18
2.942730e+03 1.466972e-18
3.398210e+03 1.070468e-18
3.924190e+03 7.993417e-19
4.531580e+03 5.945009e-19
5.232990e+03 4.401557e-19
6.042960e+03 3.191656e-19
6.978310e+03 2.369713e-19
8.058420e+03 1.751539e-19
9.305720e+03 1.288045e-19
1.074610e+04 9.260685e-20
1.240940e+04 6.823625e-20
1.433010e+04 5.002022e-20
1.654820e+04 3.645305e-20
1.910950e+04 2.591178e-20
2.206730e+04 1.890040e-20
2.548300e+04 1.370354e-20
2.942730e+04 9.868063e-21
3.398210e+04 6.908276e-21
3.924190e+04 4.972039e-21
4.531580e+04 3.553067e-21
5.232990e+04 2.518575e-21
6.042960e+04 1.727583e-21
6.978310e+04 1.221666e-21
8.058420e+04 8.565142e-22
9.305720e+04 5.946636e-22
1.074610e+05 3.969166e-22
1.240940e+05 2.742479e-22
1.433010e+05 1.875102e-22
1.654820e+05 1.266752e-22
1.910950e+05 8.150048e-23
2.206730e+05 5.461748e-23
2.548300e+05 3.612794e-23
2.942730e+05 2.354356e-23
3.398210e+05 1.440940e-23
3.924190e+05 9.274221e-24
4.531580e+05 5.872422e-24
5.232990e+05 3.649068e-24
6.042960e+05 2.085063e-24
6.978310e+05 1.272012e-24
8.058420e+05 7.601582e-25
9.305720e+05 4.435329e-25
1.074610e+06 2.302505e-25
1.240940e+06 1.308037e-25
1.433010e+06 7.239492e-26
1.654820e+06 3.886248e-26
1.910950e+06 1.760429e-26
2.206730e+06 9.092107e-27
2.548300e+06 4.544163e-27
2.942730e+06 2.184675e-27
3.398210e+06 8.117167e-28
3.924190e+06 3.686258e-28
4.531580e+06 1.607153e-28
5.232990e+06 6.674741e-29
6.042960e+06 1.838347e-29
6.978310e+06 6.978835e-30
8.058420e+06 2.522766e-30
9.305720e+06 8.636025e-31
1.074610e+07 1.471327e-31
1.240940e+07 4.273776e-32
1.433010e+07 1.167217e-32
1.654820e+07 3.059543e-33
1.910950e+07 2.455929e-34
2.206730e+07 4.647226e-35
2.548300e+07 7.855333e-36
2.942730e+07 1.300753e-36
3.398210e+07 3.736987e-38
3.924190e+07 3.481721e-39
4.531580e+07 2.483873e-40
5.232990e+07 1.607082e-41
6.042960e+07 1.099212e-43
6.978310e+07 3.038882e-45
8.058420e+07 3.638838e-47
9.305720e+07 0.000000e+00
