Ev [GeV]   dN_dEv [s^-1 GeV^-1]
3.398210e-02 9.255683e-10
3.924190e-02 8.912942e-10
4.531580e-02 8.455081e-10
5.232990e-02 7.924307e-10
6.042960e-02 7.270781e-10
6.978310e-02 6.509121e-10
8.058420e-02 5.653442e-10
9.305720e-02 4.733544e-10
1.074610e-01 3.796379e-10
1.240940e-01 2.999898e-10
1.433010e-01 2.329110e-10
1.654820e-01 1.781432e-10
1.910950e-01 1.327525e-10
2.206730e-01 9.993784e-11
2.548300e-01 7.460855e-11
2.942730e-01 5.525840e-11
3.398210e-01 4.034047e-11
3.924190e-01 2.999875e-11
4.531580e-01 2.225732e-11
5.232990e-01 1.648066e-11
6.042960e-01 1.211337e-11
6.978310e-01 9.072043e-12
8.058420e-01 6.789915e-12
9.305720e-01 5.074616e-12
1.074610e+00 3.751738e-12
1.240940e+00 2.827713e-12
1.433010e+00 2.126749e-12
1.654820e+00 1.595541e-12
1.910950e+00 1.181835e-12
2.206730e+00 8.926735e-13
2.548300e+00 6.725130e-13
2.942730e+00 5.051726e-13
3.398210e+00 3.745798e-13
3.924190e+00 2.828816e-13
4.531580e+00 2.129328e-13
5.232990e+00 1.597070e-13
6.042960e+00 1.183145e-13
6.978310e+00 8.922950e-14
8.058420e+00 6.712588e-14
9.305720e+00 5.036805e-14
1.074610e+01 3.737577e-14
1.240940e+01 2.824541e-14
1.433010e+01 2.129390e-14
1.654820e+01 1.600708e-14
1.910950e+01 1.186924e-14
2.206730e+01 8.969373e-15
2.548300e+01 6.758048e-15
2.942730e+01 5.076230e-15
3.398210e+01 3.756691e-15
3.924190e+01 2.838390e-15
4.531580e+01 2.139568e-15
5.232990e+01 1.608575e-15
6.042960e+01 1.191216e-15
6.978310e+01 9.013288e-16
8.058420e+01 6.804091e-16
9.305720e+01 5.122223e-16
1.074610e+02 3.794873e-16
1.240940e+02 2.872441e-16
1.433010e+02 2.168390e-16
1.654820e+02 1.631810e-16
1.910950e+02 1.207698e-16
2.206730e+02 9.133446e-17
2.548300e+02 6.887778e-17
2.942730e+02 5.177527e-17
3.398210e+02 3.826115e-17
3.924190e+02 2.889910e-17
4.531580e+02 2.176330e-17
5.232990e+02 1.633459e-17
6.042960e+02 1.204774e-17
6.978310e+02 9.084180e-18
8.058420e+02 6.828280e-18
9.305720e+02 5.114477e-18
1.074610e+03 3.762543e-18
1.240940e+03 2.830436e-18
1.433010e+03 2.122160e-18
1.654820e+03 1.585099e-18
1.910950e+03 1.162091e-18
2.206730e+03 8.714506e-19
2.548300e+03 6.511402e-19
2.942730e+03 4.845328e-19
3.398210e+03 3.535699e-19
3.924190e+03 2.640183e-19
4.531580e+03 1.963605e-19
5.232990e+03 1.453811e-19
6.042960e+03 1.054187e-19
6.978310e+03 7.827034e-20
8.058420e+03 5.785241e-20
9.305720e+03 4.254343e-20
1.074610e+04 3.058754e-20
1.240940e+04 2.253807e-20
1.433010e+04 1.652141e-20
1.654820e+04 1.204025e-20
1.910950e+04 8.558523e-21
2.206730e+04 6.242702e-21
2.548300e+04 4.526207e-21
2.942730e+04 3.259368e-21
3.398210e+04 2.281766e-21
3.924190e+04 1.642238e-21
4.531580e+04 1.173559e-21
5.232990e+04 8.318717e-22
6.042960e+04 5.706115e-22
6.978310e+04 4.035099e-22
8.058420e+04 2.829020e-22
9.305720e+04 1.964142e-22
1.074610e+05 1.310994e-22
1.240940e+05 9.058260e-23
1.433010e+05 6.193362e-23
1.654820e+05 4.184015e-23
1.910950e+05 2.691917e-23
2.206730e+05 1.803986e-23
2.548300e+05 1.193286e-23
2.942730e+05 7.776310e-24
3.398210e+05 4.759346e-24
3.924190e+05 3.063225e-24
4.531580e+05 1.939629e-24
5.232990e+05 1.205268e-24
6.042960e+05 6.886852e-25
6.978310e+05 4.201386e-25
8.058420e+05 2.510762e-25
9.305720e+05 1.464965e-25
1.074610e+06 7.605050e-26
1.240940e+06 4.320377e-26
1.433010e+06 2.391165e-26
1.654820e+06 1.283607e-26
1.910950e+06 5.814604e-27
2.206730e+06 3.003074e-27
2.548300e+06 1.500913e-27
2.942730e+06 7.215864e-28
3.398210e+06 2.681057e-28
3.924190e+06 1.217551e-28
4.531580e+06 5.308339e-29
5.232990e+06 2.204631e-29
6.042960e+06 6.071960e-30
6.978310e+06 2.305072e-30
8.058420e+06 8.332562e-31
9.305720e+06 2.852433e-31
1.074610e+07 4.859713e-32
1.240940e+07 1.411605e-32
1.433010e+07 3.855256e-33
1.654820e+07 1.010550e-33
1.910950e+07 8.111802e-35
2.206730e+07 1.534954e-35
2.548300e+07 2.594574e-36
2.942730e+07 4.296316e-37
3.398210e+07 1.234307e-38
3.924190e+07 1.149994e-39
4.531580e+07 8.204098e-41
5.232990e+07 5.308107e-42
6.042960e+07 3.630639e-44
6.978310e+07 1.003726e-45
8.058420e+07 1.201889e-47
9.305720e+07 0.000000e+00
