Ev [GeV]   dN_dEv [s^-1 GeV^-1]
3.398210e-02 7.720298e-07
3.924190e-02 7.425455e-07
4.531580e-02 7.033930e-07
5.232990e-02 6.579821e-07
6.042960e-02 6.016780e-07
6.978310e-02 5.368040e-07
8.058420e-02 4.641267e-07
9.305720e-02 3.863438e-07
1.074610e-01 3.065813e-07
1.240940e-01 2.406775e-07
1.433010e-01 1.857651e-07
1.654820e-01 1.413394e-07
1.910950e-01 1.045717e-07
2.206730e-01 7.854065e-08
2.548300e-01 5.856277e-08
2.942730e-01 4.335259e-08
3.398210e-01 3.163974e-08
3.924190e-01 2.352671e-08
4.531580e-01 1.745423e-08
5.232990e-01 1.292322e-08
6.042960e-01 9.498017e-09
6.978310e-01 7.112929e-09
8.058420e-01 5.323320e-09
9.305720e-01 3.978285e-09
1.074610e+00 2.941008e-09
1.240940e+00 2.216523e-09
1.433010e+00 1.666952e-09
1.654820e+00 1.250502e-09
1.910950e+00 9.261835e-10
2.206730e+00 6.995154e-10
2.548300e+00 5.269488e-10
2.942730e+00 3.957917e-10
3.398210e+00 2.934412e-10
3.924190e+00 2.215814e-10
4.531580e+00 1.667712e-10
5.232990e+00 1.250674e-10
6.042960e+00 9.263796e-11
6.978310e+00 6.985408e-11
8.058420e+00 5.254098e-11
9.305720e+00 3.941683e-11
1.074610e+01 2.924288e-11
1.240940e+01 2.209450e-11
1.433010e+01 1.665277e-11
1.654820e+01 1.251492e-11
1.910950e+01 9.276771e-12
2.206730e+01 7.008100e-12
2.548300e+01 5.278450e-12
2.942730e+01 3.963288e-12
3.398210e+01 2.931627e-12
3.924190e+01 2.213985e-12
4.531580e+01 1.668035e-12
5.232990e+01 1.253341e-12
6.042960e+01 9.274870e-13
6.978310e+01 7.013018e-13
8.058420e+01 5.290128e-13
9.305720e+01 3.979160e-13
1.074610e+02 2.944931e-13
1.240940e+02 2.226897e-13
1.433010e+02 1.679227e-13
1.654820e+02 1.262150e-13
1.910950e+02 9.326742e-14
2.206730e+02 7.043344e-14
2.548300e+02 5.303043e-14
2.942730e+02 3.979160e-14
3.398210e+02 2.933965e-14
3.924190e+02 2.211417e-14
4.531580e+02 1.661514e-14
5.232990e+02 1.243848e-14
6.042960e+02 9.144513e-15
6.978310e+02 6.874423e-15
8.058420e+02 5.150174e-15
9.305720e+02 3.843432e-15
1.074610e+03 2.814492e-15
1.240940e+03 2.108278e-15
1.433010e+03 1.573357e-15
1.654820e+03 1.169158e-15
1.910950e+03 8.516232e-16
2.206730e+03 6.348708e-16
2.548300e+03 4.713115e-16
2.942730e+03 3.482324e-16
3.398210e+03 2.518418e-16
3.924190e+03 1.865372e-16
4.531580e+03 1.375123e-16
5.232990e+03 1.008281e-16
6.042960e+03 7.222043e-17
6.978310e+03 5.303525e-17
8.058420e+03 3.873366e-17
9.305720e+03 2.811360e-17
1.074610e+04 1.987884e-17
1.240940e+04 1.443283e-17
1.433010e+04 1.041161e-17
1.654820e+04 7.455992e-18
1.910950e+04 5.182009e-18
2.206730e+04 3.706164e-18
2.548300e+04 2.630359e-18
2.942730e+04 1.850568e-18
3.398210e+04 1.256824e-18
3.924190e+04 8.812464e-19
4.531580e+04 6.121548e-19
5.232990e+04 4.207256e-19
6.042960e+04 2.770159e-19
6.978310e+04 1.892207e-19
8.058420e+04 1.277714e-19
9.305720e+04 8.514875e-20
1.074610e+05 5.375765e-20
1.240940e+05 3.547231e-20
1.433010e+05 2.307272e-20
1.654820e+05 1.476126e-20
1.910950e+05 8.798764e-21
2.206730e+05 5.545562e-21
2.548300e+05 3.432444e-21
2.942730e+05 2.080414e-21
3.398210e+05 1.144973e-21
3.924190e+05 6.788997e-22
4.531580e+05 3.934048e-22
5.232990e+05 2.219480e-22
6.042960e+05 1.091602e-22
6.978310e+05 5.965844e-23
8.058420e+05 3.167172e-23
9.305720e+05 1.624975e-23
1.074610e+06 6.800252e-24
1.240940e+06 3.331477e-24
1.433010e+06 1.573864e-24
1.654820e+06 7.120744e-25
1.910950e+06 2.347948e-25
2.206730e+06 9.907919e-26
2.548300e+06 3.998744e-26
2.942730e+06 1.531280e-26
3.398210e+06 3.487665e-27
3.924190e+06 1.188537e-27
4.531580e+06 3.840716e-28
5.232990e+06 1.179602e-28
6.042960e+06 1.475380e-29
6.978310e+06 3.610961e-30
8.058420e+06 8.178601e-31
9.305720e+06 1.798736e-31
1.074610e+07 9.346295e-33
1.240940e+07 1.333888e-33
1.433010e+07 1.608626e-34
1.654820e+07 1.880327e-35
1.910950e+07 2.993574e-37
2.206730e+07 1.741286e-38
2.548300e+07 6.926596e-40
2.942730e+07 2.165849e-41
3.398210e+07 6.284043e-44
3.924190e+07 8.182886e-46
4.531580e+07 4.926907e-48
5.232990e+07 1.323550e-50
6.042960e+07 2.402964e-54
6.978310e+07 1.393663e-57
8.058420e+07 1.823052e-61
9.305720e+07 0.000000e+00
