Ev [GeV]   dN_dEv [s^-1 GeV^-1]
3.398210e-02 8.576513e-04
3.924190e-02 8.248970e-04
4.531580e-02 7.814023e-04
5.232990e-02 7.309552e-04
6.042960e-02 6.684067e-04
6.978310e-02 5.963380e-04
8.058420e-02 5.156004e-04
9.305720e-02 4.291910e-04
1.074610e-01 3.405826e-04
1.240940e-01 2.673697e-04
1.433010e-01 2.063672e-04
1.654820e-01 1.570146e-04
1.910950e-01 1.161692e-04
2.206730e-01 8.725115e-05
2.548300e-01 6.505764e-05
2.942730e-01 4.816059e-05
3.398210e-01 3.514872e-05
3.924190e-01 2.613592e-05
4.531580e-01 1.938998e-05
5.232990e-01 1.435646e-05
6.042960e-01 1.055139e-05
6.978310e-01 7.901784e-06
8.058420e-01 5.913700e-06
9.305720e-01 4.419495e-06
1.074610e+00 3.267179e-06
1.240940e+00 2.462345e-06
1.433010e+00 1.851824e-06
1.654820e+00 1.389188e-06
1.910950e+00 1.028901e-06
2.206730e+00 7.770948e-07
2.548300e+00 5.853897e-07
2.942730e+00 4.396867e-07
3.398210e+00 3.259851e-07
3.924190e+00 2.461557e-07
4.531580e+00 1.852669e-07
5.232990e+00 1.389379e-07
6.042960e+00 1.029119e-07
6.978310e+00 7.760120e-08
8.058420e+00 5.836801e-08
9.305720e+00 4.378833e-08
1.074610e+01 3.248605e-08
1.240940e+01 2.454487e-08
1.433010e+01 1.849963e-08
1.654820e+01 1.390288e-08
1.910950e+01 1.030561e-08
2.206730e+01 7.785329e-09
2.548300e+01 5.863853e-09
2.942730e+01 4.402834e-09
3.398210e+01 3.256757e-09
3.924190e+01 2.459526e-09
4.531580e+01 1.853027e-09
5.232990e+01 1.392342e-09
6.042960e+01 1.030349e-09
6.978310e+01 7.790793e-10
8.058420e+01 5.876826e-10
9.305720e+01 4.420467e-10
1.074610e+02 3.271537e-10
1.240940e+02 2.473870e-10
1.433010e+02 1.865461e-10
1.654820e+02 1.402127e-10
1.910950e+02 1.036112e-10
2.206730e+02 7.824482e-11
2.548300e+02 5.891173e-11
2.942730e+02 4.420467e-11
3.398210e+02 3.259355e-11
3.924190e+02 2.456673e-11
4.531580e+02 1.845783e-11
5.232990e+02 1.381796e-11
6.042960e+02 1.015868e-11
6.978310e+02 7.636827e-12
8.058420e+02 5.721351e-12
9.305720e+02 4.269685e-12
1.074610e+03 3.126632e-12
1.240940e+03 2.342095e-12
1.433010e+03 1.747849e-12
1.654820e+03 1.298823e-12
1.910950e+03 9.460720e-13
2.206730e+03 7.052808e-13
2.548300e+03 5.235820e-13
2.942730e+03 3.868529e-13
3.398210e+03 2.797722e-13
3.924190e+03 2.072251e-13
4.531580e+03 1.527630e-13
5.232990e+03 1.120104e-13
6.042960e+03 8.022999e-14
6.978310e+03 5.891710e-14
8.058420e+03 4.302939e-14
9.305720e+03 3.123152e-14
1.074610e+04 2.208349e-14
1.240940e+04 1.603349e-14
1.433010e+04 1.156630e-14
1.654820e+04 8.282894e-15
1.910950e+04 5.756717e-15
2.206730e+04 4.117194e-15
2.548300e+04 2.922078e-15
2.942730e+04 2.055805e-15
3.398210e+04 1.396211e-15
3.924190e+04 9.789805e-16
4.531580e+04 6.800455e-16
5.232990e+04 4.673859e-16
6.042960e+04 3.077381e-16
6.978310e+04 2.102062e-16
8.058420e+04 1.419418e-16
9.305720e+04 9.459212e-17
1.074610e+05 5.971961e-17
1.240940e+05 3.940634e-17
1.433010e+05 2.563159e-17
1.654820e+05 1.639835e-17
1.910950e+05 9.774586e-18
2.206730e+05 6.160589e-18
2.548300e+05 3.813117e-18
2.942730e+05 2.311141e-18
3.398210e+05 1.271955e-18
3.924190e+05 7.541926e-19
4.531580e+05 4.370352e-19
5.232990e+05 2.465630e-19
6.042960e+05 1.212665e-19
6.978310e+05 6.627482e-20
8.058420e+05 3.518426e-20
9.305720e+05 1.805192e-20
1.074610e+06 7.554430e-21
1.240940e+06 3.700953e-21
1.433010e+06 1.748412e-21
1.654820e+06 7.910466e-22
1.910950e+06 2.608346e-22
2.206730e+06 1.100675e-22
2.548300e+06 4.442222e-23
2.942730e+06 1.701106e-23
3.398210e+06 3.874462e-24
3.924190e+06 1.320351e-24
4.531580e+06 4.266668e-25
5.232990e+06 1.310425e-25
6.042960e+06 1.639007e-26
6.978310e+06 4.011432e-27
8.058420e+06 9.085643e-28
9.305720e+06 1.998224e-28
1.074610e+07 1.038284e-29
1.240940e+07 1.481822e-30
1.433010e+07 1.787029e-31
1.654820e+07 2.088864e-32
1.910950e+07 3.325574e-34
2.206730e+07 1.934402e-35
2.548300e+07 7.694786e-37
2.942730e+07 2.406052e-38
3.398210e+07 6.980971e-41
3.924190e+07 9.090404e-43
4.531580e+07 5.473323e-45
5.232990e+07 1.470338e-47
6.042960e+07 2.669463e-51
6.978310e+07 1.548226e-54
8.058420e+07 2.025236e-58
9.305720e+07 0.000000e+00
