Ev [GeV]   dN_dEv [s^-1 GeV^-1]
3.398210e-02 6.986221e-09
3.924190e-02 6.727518e-09
4.531580e-02 6.381923e-09
5.232990e-02 5.981293e-09
6.042960e-02 5.488009e-09
6.978310e-02 4.913107e-09
8.058420e-02 4.267237e-09
9.305720e-02 3.572895e-09
1.074610e-01 2.865520e-09
1.240940e-01 2.264333e-09
1.433010e-01 1.758020e-09
1.654820e-01 1.344631e-09
1.910950e-01 1.002021e-09
2.206730e-01 7.543341e-10
2.548300e-01 5.631478e-10
2.942730e-01 4.170923e-10
3.398210e-01 3.044912e-10
3.924190e-01 2.264316e-10
4.531580e-01 1.679990e-10
5.232990e-01 1.243966e-10
6.042960e-01 9.143214e-11
6.978310e-01 6.847609e-11
8.058420e-01 5.125050e-11
9.305720e-01 3.830337e-11
1.074610e+00 2.831825e-11
1.240940e+00 2.134367e-11
1.433010e+00 1.605277e-11
1.654820e+00 1.204319e-11
1.910950e+00 8.920530e-12
2.206730e+00 6.737929e-12
2.548300e+00 5.076151e-12
2.942730e+00 3.813060e-12
3.398210e+00 2.827341e-12
3.924190e+00 2.135200e-12
4.531580e+00 1.607224e-12
5.232990e+00 1.205474e-12
6.042960e+00 8.930416e-13
6.978310e+00 6.735072e-13
8.058420e+00 5.066684e-13
9.305720e+00 3.801797e-13
1.074610e+01 2.821135e-13
1.240940e+01 2.131973e-13
1.433010e+01 1.607270e-13
1.654820e+01 1.208220e-13
1.910950e+01 8.958939e-14
2.206730e+01 6.770113e-14
2.548300e+01 5.100997e-14
2.942730e+01 3.831555e-14
3.398210e+01 2.835563e-14
3.924190e+01 2.142426e-14
4.531580e+01 1.614953e-14
5.232990e+01 1.214158e-14
6.042960e+01 8.991342e-15
6.978310e+01 6.803260e-15
8.058420e+01 5.135751e-15
9.305720e+01 3.866271e-15
1.074610e+02 2.864383e-15
1.240940e+02 2.168128e-15
1.433010e+02 1.636708e-15
1.654820e+02 1.231695e-15
1.910950e+02 9.115747e-16
2.206730e+02 6.893955e-16
2.548300e+02 5.198918e-16
2.942730e+02 3.908014e-16
3.398210e+02 2.887965e-16
3.924190e+02 2.181314e-16
4.531580e+02 1.642701e-16
5.232990e+02 1.232941e-16
6.042960e+02 9.093676e-17
6.978310e+02 6.856769e-17
8.058420e+02 5.154008e-17
9.305720e+02 3.860424e-17
1.074610e+03 2.839980e-17
1.240940e+03 2.136423e-17
1.433010e+03 1.601814e-17
1.654820e+03 1.196438e-17
1.910950e+03 8.771499e-18
2.206730e+03 6.577738e-18
2.548300e+03 4.914828e-18
2.942730e+03 3.657270e-18
3.398210e+03 2.668757e-18
3.924190e+03 1.992819e-18
4.531580e+03 1.482135e-18
5.232990e+03 1.097341e-18
6.042960e+03 7.957038e-19
6.978310e+03 5.907871e-19
8.058420e+03 4.366719e-19
9.305720e+03 3.211192e-19
1.074610e+04 2.308758e-19
1.240940e+04 1.701181e-19
1.433010e+04 1.247042e-19
1.654820e+04 9.088019e-20
1.910950e+04 6.460002e-20
2.206730e+04 4.712012e-20
2.548300e+04 3.416396e-20
2.942730e+04 2.460182e-20
3.398210e+04 1.722285e-20
3.924190e+04 1.239567e-20
4.531580e+04 8.858062e-21
5.232990e+04 6.278995e-21
6.042960e+04 4.306994e-21
6.978310e+04 3.045706e-21
8.058420e+04 2.135354e-21
9.305720e+04 1.482541e-21
1.074610e+05 9.895427e-22
1.240940e+05 6.837205e-22
1.433010e+05 4.674770e-22
1.654820e+05 3.158109e-22
1.910950e+05 2.031868e-22
2.206730e+05 1.361655e-22
2.548300e+05 9.006966e-23
2.942730e+05 5.869585e-23
3.398210e+05 3.592370e-23
3.924190e+05 2.312133e-23
4.531580e+05 1.464039e-23
5.232990e+05 9.097400e-24
6.042960e+05 5.198219e-24
6.978310e+05 3.171220e-24
8.058420e+05 1.895131e-24
9.305720e+05 1.105761e-24
1.074610e+06 5.740317e-25
1.240940e+06 3.261035e-25
1.433010e+06 1.804859e-25
1.654820e+06 9.688706e-26
1.910950e+06 4.388882e-26
2.206730e+06 2.266730e-26
2.548300e+06 1.132894e-26
2.942730e+06 5.446558e-27
3.398210e+06 2.023671e-27
3.924190e+06 9.190116e-28
4.531580e+06 4.006752e-28
5.232990e+06 1.664063e-28
6.042960e+06 4.583136e-29
6.978310e+06 1.739876e-29
8.058420e+06 6.289445e-30
9.305720e+06 2.153026e-30
1.074610e+07 3.668127e-31
1.240940e+07 1.065484e-31
1.433010e+07 2.909960e-32
1.654820e+07 7.627669e-33
1.910950e+07 6.122815e-34
2.206730e+07 1.158588e-34
2.548300e+07 1.958393e-35
2.942730e+07 3.242874e-36
3.398210e+07 9.316589e-38
3.924190e+07 8.680191e-39
4.531580e+07 6.192480e-40
5.232990e+07 4.006577e-41
6.042960e+07 2.740419e-43
6.978310e+07 7.576160e-45
8.058420e+07 9.071895e-47
9.305720e+07 0.000000e+00
