Ev [GeV]   dN_dEv [s^-1 GeV^-1]
3.398210e-02 4.496496e-05
3.924190e-02 4.329989e-05
4.531580e-02 4.107556e-05
5.232990e-02 3.849701e-05
6.042960e-02 3.532212e-05
6.978310e-02 3.162191e-05
8.058420e-02 2.746494e-05
9.305720e-02 2.299599e-05
1.074610e-01 1.844316e-05
1.240940e-01 1.457378e-05
1.433010e-01 1.131503e-05
1.654820e-01 8.654359e-06
1.910950e-01 6.449240e-06
2.206730e-01 4.855072e-06
2.548300e-01 3.624552e-06
2.942730e-01 2.684504e-06
3.398210e-01 1.959777e-06
3.924190e-01 1.457367e-06
4.531580e-01 1.081281e-06
5.232990e-01 8.006457e-07
6.042960e-01 5.884788e-07
6.978310e-01 4.407282e-07
8.058420e-01 3.298603e-07
9.305720e-01 2.465295e-07
1.074610e+00 1.822629e-07
1.240940e+00 1.373729e-07
1.433010e+00 1.033194e-07
1.654820e+00 7.751283e-08
1.910950e+00 5.741463e-08
2.206730e+00 4.336690e-08
2.548300e+00 3.267130e-08
2.942730e+00 2.454175e-08
3.398210e+00 1.819743e-08
3.924190e+00 1.374265e-08
4.531580e+00 1.034447e-08
5.232990e+00 7.758715e-09
6.042960e+00 5.747826e-09
6.978310e+00 4.334851e-09
8.058420e+00 3.261037e-09
9.305720e+00 2.446926e-09
1.074610e+01 1.815749e-09
1.240940e+01 1.372188e-09
1.433010e+01 1.034477e-09
1.654820e+01 7.776386e-10
1.910950e+01 5.766184e-10
2.206730e+01 4.357404e-10
2.548300e+01 3.283122e-10
2.942730e+01 2.466079e-10
3.398210e+01 1.825035e-10
3.924190e+01 1.378916e-10
4.531580e+01 1.039422e-10
5.232990e+01 7.814604e-11
6.042960e+01 5.787039e-11
6.978310e+01 4.378738e-11
8.058420e+01 3.305490e-11
9.305720e+01 2.488423e-11
1.074610e+02 1.843584e-11
1.240940e+02 1.395458e-11
1.433010e+02 1.053424e-11
1.654820e+02 7.927481e-12
1.910950e+02 5.867109e-12
2.206730e+02 4.437112e-12
2.548300e+02 3.346146e-12
2.942730e+02 2.515290e-12
3.398210e+02 1.858762e-12
3.924190e+02 1.403945e-12
4.531580e+02 1.057281e-12
5.232990e+02 7.935496e-13
6.042960e+02 5.852904e-13
6.978310e+02 4.413178e-13
8.058420e+02 3.317241e-13
9.305720e+02 2.484660e-13
1.074610e+03 1.827878e-13
1.240940e+03 1.375052e-13
1.433010e+03 1.030965e-13
1.654820e+03 7.700555e-14
1.910950e+03 5.645543e-14
2.206730e+03 4.233587e-14
2.548300e+03 3.163299e-14
2.942730e+03 2.353905e-14
3.398210e+03 1.717675e-14
3.924190e+03 1.282625e-14
4.531580e+03 9.539371e-15
5.232990e+03 7.062746e-15
6.042960e+03 5.121337e-15
6.978310e+03 3.802445e-15
8.058420e+03 2.810523e-15
9.305720e+03 2.066799e-15
1.074610e+04 1.485971e-15
1.240940e+04 1.094920e-15
1.433010e+04 8.026253e-16
1.654820e+04 5.849263e-16
1.910950e+04 4.157809e-16
2.206730e+04 3.032762e-16
2.548300e+04 2.198873e-16
2.942730e+04 1.583431e-16
3.398210e+04 1.108503e-16
3.924190e+04 7.978142e-17
4.531580e+04 5.701257e-17
5.232990e+04 4.041309e-17
6.042960e+04 2.772083e-17
6.978310e+04 1.960288e-17
8.058420e+04 1.374364e-17
9.305720e+04 9.541982e-18
1.074610e+05 6.368930e-18
1.240940e+05 4.400586e-18
1.433010e+05 3.008792e-18
1.654820e+05 2.032633e-18
1.910950e+05 1.307758e-18
2.206730e+05 8.763930e-19
2.548300e+05 5.797095e-19
2.942730e+05 3.777803e-19
3.398210e+05 2.312134e-19
3.924190e+05 1.488143e-19
4.531580e+05 9.422897e-20
5.232990e+05 5.855301e-20
6.042960e+05 3.345696e-20
6.978310e+05 2.041072e-20
8.058420e+05 1.219751e-20
9.305720e+05 7.116936e-21
1.074610e+06 3.694603e-21
1.240940e+06 2.098879e-21
1.433010e+06 1.161650e-21
1.654820e+06 6.235879e-22
1.910950e+06 2.824788e-22
2.206730e+06 1.458921e-22
2.548300e+06 7.291572e-23
2.942730e+06 3.505533e-23
3.398210e+06 1.302482e-23
3.924190e+06 5.914975e-24
4.531580e+06 2.578840e-24
5.232990e+06 1.071030e-24
6.042960e+06 2.949814e-25
6.978310e+06 1.119825e-25
8.058420e+06 4.048035e-26
9.305720e+06 1.385738e-26
1.074610e+07 2.360893e-27
1.240940e+07 6.857708e-28
1.433010e+07 1.872919e-28
1.654820e+07 4.909347e-29
1.910950e+07 3.940788e-30
2.206730e+07 7.456946e-31
2.548300e+07 1.260468e-31
2.942730e+07 2.087190e-32
3.398210e+07 5.996376e-34
3.924190e+07 5.586775e-35
4.531580e+07 3.985626e-36
5.232990e+07 2.578727e-37
6.042960e+07 1.763798e-39
6.978310e+07 4.876195e-41
8.058420e+07 5.838885e-43
9.305720e+07 0.000000e+00
