Ev [GeV]   dN_dEv [s^-1 GeV^-1]
3.398210e-02 1.494769e-07
3.924190e-02 1.437683e-07
4.531580e-02 1.361877e-07
5.232990e-02 1.273955e-07
6.042960e-02 1.164941e-07
6.978310e-02 1.039335e-07
8.058420e-02 8.986210e-08
9.305720e-02 7.480212e-08
1.074610e-01 5.935888e-08
1.240940e-01 4.659888e-08
1.433010e-01 3.596698e-08
1.654820e-01 2.736550e-08
1.910950e-01 2.024670e-08
2.206730e-01 1.520668e-08
2.548300e-01 1.133866e-08
2.942730e-01 8.393732e-09
3.398210e-01 6.125942e-09
3.924190e-01 4.555134e-09
4.531580e-01 3.379408e-09
5.232990e-01 2.502135e-09
6.042960e-01 1.838963e-09
6.978310e-01 1.377173e-09
8.058420e-01 1.030677e-09
9.305720e-01 7.702575e-10
1.074610e+00 5.694246e-10
1.240940e+00 4.291530e-10
1.433010e+00 3.227476e-10
1.654820e+00 2.421165e-10
1.910950e+00 1.793234e-10
2.206730e+00 1.354370e-10
2.548300e+00 1.020254e-10
2.942730e+00 7.663138e-11
3.398210e+00 5.681475e-11
3.924190e+00 4.290157e-11
4.531580e+00 3.228948e-11
5.232990e+00 2.421498e-11
6.042960e+00 1.793614e-11
6.978310e+00 1.352483e-11
8.058420e+00 1.017275e-11
9.305720e+00 7.631706e-12
1.074610e+01 5.661873e-12
1.240940e+01 4.277836e-12
1.433010e+01 3.224233e-12
1.654820e+01 2.423081e-12
1.910950e+01 1.796126e-12
2.206730e+01 1.356876e-12
2.548300e+01 1.021989e-12
2.942730e+01 7.673538e-13
3.398210e+01 5.676082e-13
3.924190e+01 4.286617e-13
4.531580e+01 3.229573e-13
5.232990e+01 2.426662e-13
6.042960e+01 1.795758e-13
6.978310e+01 1.357829e-13
8.058420e+01 1.024250e-13
9.305720e+01 7.704269e-14
1.074610e+02 5.701841e-14
1.240940e+02 4.311617e-14
1.433010e+02 3.251243e-14
1.654820e+02 2.443716e-14
1.910950e+02 1.805801e-14
2.206730e+02 1.363700e-14
2.548300e+02 1.026751e-14
2.942730e+02 7.704269e-15
3.398210e+02 5.680610e-15
3.924190e+02 4.281645e-15
4.531580e+02 3.216948e-15
5.232990e+02 2.408282e-15
6.042960e+02 1.770519e-15
6.978310e+02 1.330994e-15
8.058420e+02 9.971533e-16
9.305720e+02 7.441477e-16
1.074610e+03 5.449291e-16
1.240940e+03 4.081951e-16
1.433010e+03 3.046262e-16
1.654820e+03 2.263671e-16
1.910950e+03 1.648874e-16
2.206730e+03 1.229208e-16
2.548300e+03 9.125318e-17
2.942730e+03 6.742316e-17
3.398210e+03 4.876046e-17
3.924190e+03 3.611649e-17
4.531580e+03 2.662450e-17
5.232990e+03 1.952189e-17
6.042960e+03 1.398299e-17
6.978310e+03 1.026844e-17
8.058420e+03 7.499434e-18
9.305720e+03 5.443227e-18
1.074610e+04 3.848851e-18
1.240940e+04 2.794419e-18
1.433010e+04 2.015848e-18
1.654820e+04 1.443595e-18
1.910950e+04 1.003317e-18
2.206730e+04 7.175706e-19
2.548300e+04 5.092782e-19
2.942730e+04 3.582986e-19
3.398210e+04 2.433405e-19
3.924190e+04 1.706229e-19
4.531580e+04 1.185226e-19
5.232990e+04 8.145897e-20
6.042960e+04 5.363455e-20
6.978310e+04 3.663606e-20
8.058420e+04 2.473852e-20
9.305720e+04 1.648611e-20
1.074610e+05 1.040831e-20
1.240940e+05 6.867986e-21
1.433010e+05 4.467235e-21
1.654820e+05 2.858007e-21
1.910950e+05 1.703577e-21
2.206730e+05 1.073706e-21
2.548300e+05 6.645741e-22
2.942730e+05 4.028003e-22
3.398210e+05 2.216844e-22
3.924190e+05 1.314455e-22
4.531580e+05 7.616925e-23
5.232990e+05 4.297256e-23
6.042960e+05 2.113509e-23
6.978310e+05 1.155079e-23
8.058420e+05 6.132135e-24
9.305720e+05 3.146202e-24
1.074610e+06 1.316634e-24
1.240940e+06 6.450254e-25
1.433010e+06 3.047243e-25
1.654820e+06 1.378686e-25
1.910950e+06 4.545991e-26
2.206730e+06 1.918326e-26
2.548300e+06 7.742186e-27
2.942730e+06 2.964795e-27
3.398210e+06 6.752657e-28
3.924190e+06 2.301191e-28
4.531580e+06 7.436219e-29
5.232990e+06 2.283891e-29
6.042960e+06 2.856564e-30
6.978310e+06 6.991378e-31
8.058420e+06 1.583503e-31
9.305720e+06 3.482631e-32
1.074610e+07 1.809587e-33
1.240940e+07 2.582614e-34
1.433010e+07 3.114548e-35
1.654820e+07 3.640604e-36
1.910950e+07 5.796021e-38
2.206730e+07 3.371398e-39
2.548300e+07 1.341096e-40
2.942730e+07 4.193419e-42
3.398210e+07 1.216688e-44
3.924190e+07 1.584333e-46
4.531580e+07 9.539253e-49
5.232990e+07 2.562598e-51
6.042960e+07 4.652509e-55
6.978310e+07 2.698346e-58
8.058420e+07 3.529709e-62
9.305720e+07 0.000000e+00
