Ev [GeV]   dN_dEv [s^-1 GeV^-1]
3.398210e-02 5.979075e-07
3.924190e-02 5.750731e-07
4.531580e-02 5.447510e-07
5.232990e-02 5.095820e-07
6.042960e-02 4.659766e-07
6.978310e-02 4.157342e-07
8.058420e-02 3.594484e-07
9.305720e-02 2.992085e-07
1.074610e-01 2.374355e-07
1.240940e-01 1.863955e-07
1.433010e-01 1.438679e-07
1.654820e-01 1.094620e-07
1.910950e-01 8.098678e-08
2.206730e-01 6.082673e-08
2.548300e-01 4.535463e-08
2.942730e-01 3.357493e-08
3.398210e-01 2.450377e-08
3.924190e-01 1.822054e-08
4.531580e-01 1.351763e-08
5.232990e-01 1.000854e-08
6.042960e-01 7.355851e-09
6.978310e-01 5.508691e-09
8.058420e-01 4.122708e-09
9.305720e-01 3.081030e-09
1.074610e+00 2.277698e-09
1.240940e+00 1.716612e-09
1.433010e+00 1.290990e-09
1.654820e+00 9.684659e-10
1.910950e+00 7.172937e-10
2.206730e+00 5.417480e-10
2.548300e+00 4.081017e-10
2.942730e+00 3.065255e-10
3.398210e+00 2.272590e-10
3.924190e+00 1.716063e-10
4.531580e+00 1.291579e-10
5.232990e+00 9.685991e-11
6.042960e+00 7.174456e-11
6.978310e+00 5.409931e-11
8.058420e+00 4.069098e-11
9.305720e+00 3.052682e-11
1.074610e+01 2.264749e-11
1.240940e+01 1.711134e-11
1.433010e+01 1.289693e-11
1.654820e+01 9.692324e-12
1.910950e+01 7.184505e-12
2.206730e+01 5.427505e-12
2.548300e+01 4.087957e-12
2.942730e+01 3.069415e-12
3.398210e+01 2.270433e-12
3.924190e+01 1.714647e-12
4.531580e+01 1.291829e-12
5.232990e+01 9.706650e-13
6.042960e+01 7.183032e-13
6.978310e+01 5.431314e-13
8.058420e+01 4.097001e-13
9.305720e+01 3.081708e-13
1.074610e+02 2.280737e-13
1.240940e+02 1.724647e-13
1.433010e+02 1.300497e-13
1.654820e+02 9.774866e-14
1.910950e+02 7.223205e-14
2.206730e+02 5.454801e-14
2.548300e+02 4.107004e-14
2.942730e+02 3.081708e-14
3.398210e+02 2.272244e-14
3.924190e+02 1.712658e-14
4.531580e+02 1.286779e-14
5.232990e+02 9.633129e-15
6.042960e+02 7.082076e-15
6.978310e+02 5.323978e-15
8.058420e+02 3.988613e-15
9.305720e+02 2.976591e-15
1.074610e+03 2.179717e-15
1.240940e+03 1.632781e-15
1.433010e+03 1.218505e-15
1.654820e+03 9.054683e-16
1.910950e+03 6.595496e-16
2.206730e+03 4.916832e-16
2.548300e+03 3.650127e-16
2.942730e+03 2.696926e-16
3.398210e+03 1.950418e-16
3.924190e+03 1.444660e-16
4.531580e+03 1.064980e-16
5.232990e+03 7.808754e-17
6.042960e+03 5.593196e-17
6.978310e+03 4.107378e-17
8.058420e+03 2.999774e-17
9.305720e+03 2.177291e-17
1.074610e+04 1.539540e-17
1.240940e+04 1.117767e-17
1.433010e+04 8.063390e-18
1.654820e+04 5.774381e-18
1.910950e+04 4.013268e-18
2.206730e+04 2.870282e-18
2.548300e+04 2.037113e-18
2.942730e+04 1.433195e-18
3.398210e+04 9.733618e-19
3.924190e+04 6.824916e-19
4.531580e+04 4.740905e-19
5.232990e+04 3.258359e-19
6.042960e+04 2.145382e-19
6.978310e+04 1.465442e-19
8.058420e+04 9.895406e-20
9.305720e+04 6.594445e-20
1.074610e+05 4.163325e-20
1.240940e+05 2.747195e-20
1.433010e+05 1.786894e-20
1.654820e+05 1.143203e-20
1.910950e+05 6.814306e-21
2.206730e+05 4.294825e-21
2.548300e+05 2.658296e-21
2.942730e+05 1.611201e-21
3.398210e+05 8.867376e-22
3.924190e+05 5.257818e-22
4.531580e+05 3.046770e-22
5.232990e+05 1.718902e-22
6.042960e+05 8.454037e-23
6.978310e+05 4.620318e-23
8.058420e+05 2.452854e-23
9.305720e+05 1.258481e-23
1.074610e+06 5.266535e-24
1.240940e+06 2.580102e-24
1.433010e+06 1.218897e-24
1.654820e+06 5.514744e-25
1.910950e+06 1.818396e-25
2.206730e+06 7.673304e-26
2.548300e+06 3.096874e-26
2.942730e+06 1.185918e-26
3.398210e+06 2.701063e-27
3.924190e+06 9.204763e-28
4.531580e+06 2.974488e-28
5.232990e+06 9.135566e-29
6.042960e+06 1.142626e-29
6.978310e+06 2.796551e-30
8.058420e+06 6.334013e-31
9.305720e+06 1.393052e-31
1.074610e+07 7.238348e-33
1.240940e+07 1.033046e-33
1.433010e+07 1.245819e-34
1.654820e+07 1.456242e-35
1.910950e+07 2.318408e-37
2.206730e+07 1.348559e-38
2.548300e+07 5.364384e-40
2.942730e+07 1.677368e-41
3.398210e+07 4.866751e-44
3.924190e+07 6.337332e-46
4.531580e+07 3.815701e-48
5.232990e+07 1.025039e-50
6.042960e+07 1.861004e-54
6.978310e+07 1.079338e-57
8.058420e+07 1.411884e-61
9.305720e+07 0.000000e+00
