Ev [GeV]   dN_dEv [s^-1 GeV^-1]
3.398210e-02 2.233538e-09
3.924190e-02 2.150829e-09
4.531580e-02 2.040341e-09
5.232990e-02 1.912257e-09
6.042960e-02 1.754551e-09
6.978310e-02 1.570751e-09
8.058420e-02 1.364262e-09
9.305720e-02 1.142277e-09
1.074610e-01 9.161245e-10
1.240940e-01 7.239214e-10
1.433010e-01 5.620499e-10
1.654820e-01 4.298868e-10
1.910950e-01 3.203522e-10
2.206730e-01 2.411653e-10
2.548300e-01 1.800419e-10
2.942730e-01 1.333470e-10
3.398210e-01 9.734773e-11
3.924190e-01 7.239159e-11
4.531580e-01 5.371032e-11
5.232990e-01 3.977036e-11
6.042960e-01 2.923143e-11
6.978310e-01 2.189223e-11
8.058420e-01 1.638511e-11
9.305720e-01 1.224583e-11
1.074610e+00 9.053520e-12
1.240940e+00 6.823705e-12
1.433010e+00 5.132170e-12
1.654820e+00 3.850284e-12
1.910950e+00 2.851949e-12
2.206730e+00 2.154158e-12
2.548300e+00 1.622877e-12
2.942730e+00 1.219059e-12
3.398210e+00 9.039184e-13
3.924190e+00 6.826368e-13
4.531580e+00 5.138394e-13
5.232990e+00 3.853976e-13
6.042960e+00 2.855110e-13
6.978310e+00 2.153245e-13
8.058420e+00 1.619850e-13
9.305720e+00 1.215458e-13
1.074610e+01 9.019345e-14
1.240940e+01 6.816050e-14
1.433010e+01 5.138543e-14
1.654820e+01 3.862753e-14
1.910950e+01 2.864229e-14
2.206730e+01 2.164447e-14
2.548300e+01 1.630821e-14
2.942730e+01 1.224972e-14
3.398210e+01 9.065471e-15
3.924190e+01 6.849470e-15
4.531580e+01 5.163107e-15
5.232990e+01 3.881737e-15
6.042960e+01 2.874588e-15
6.978310e+01 2.175044e-15
8.058420e+01 1.641931e-15
9.305720e+01 1.236071e-15
1.074610e+02 9.157609e-16
1.240940e+02 6.931639e-16
1.433010e+02 5.232658e-16
1.654820e+02 3.937807e-16
1.910950e+02 2.914361e-16
2.206730e+02 2.204041e-16
2.548300e+02 1.662126e-16
2.942730e+02 1.249417e-16
3.398210e+02 9.233003e-17
3.924190e+02 6.973797e-17
4.531580e+02 5.251817e-17
5.232990e+02 3.941788e-17
6.042960e+02 2.907305e-17
6.978310e+02 2.192152e-17
8.058420e+02 1.647769e-17
9.305720e+02 1.234202e-17
1.074610e+03 9.079593e-18
1.240940e+03 6.830277e-18
1.433010e+03 5.121098e-18
1.654820e+03 3.825086e-18
1.910950e+03 2.804303e-18
2.206730e+03 2.102944e-18
2.548300e+03 1.571301e-18
2.942730e+03 1.169252e-18
3.398210e+03 8.532183e-19
3.924190e+03 6.371165e-19
4.531580e+03 4.738479e-19
5.232990e+03 3.508268e-19
6.042960e+03 2.543915e-19
6.978310e+03 1.888783e-19
8.058420e+03 1.396067e-19
9.305720e+03 1.026638e-19
1.074610e+04 7.381243e-20
1.240940e+04 5.438781e-20
1.433010e+04 3.986870e-20
1.654820e+04 2.905496e-20
1.910950e+04 2.065303e-20
2.206730e+04 1.506460e-20
2.548300e+04 1.092243e-20
2.942730e+04 7.865355e-21
3.398210e+04 5.506252e-21
3.924190e+04 3.962971e-21
4.531580e+04 2.831978e-21
5.232990e+04 2.007434e-21
6.042960e+04 1.376973e-21
6.978310e+04 9.737311e-22
8.058420e+04 6.826859e-22
9.305720e+04 4.739776e-22
1.074610e+05 3.163630e-22
1.240940e+05 2.185897e-22
1.433010e+05 1.494553e-22
1.654820e+05 1.009667e-22
1.910950e+05 6.496008e-23
2.206730e+05 4.353295e-23
2.548300e+05 2.879583e-23
2.942730e+05 1.876543e-23
3.398210e+05 1.148503e-23
3.924190e+05 7.392032e-24
4.531580e+05 4.680623e-24
5.232990e+05 2.908496e-24
6.042960e+05 1.661903e-24
6.978310e+05 1.013859e-24
8.058420e+05 6.058852e-25
9.305720e+05 3.535186e-25
1.074610e+06 1.835215e-25
1.240940e+06 1.042573e-25
1.433010e+06 5.770248e-26
1.654820e+06 3.097540e-26
1.910950e+06 1.403153e-26
2.206730e+06 7.246878e-27
2.548300e+06 3.621932e-27
2.942730e+06 1.741299e-27
3.398210e+06 6.469801e-28
3.924190e+06 2.938137e-28
4.531580e+06 1.280984e-28
5.232990e+06 5.320113e-29
6.042960e+06 1.465257e-29
6.978310e+06 5.562491e-30
8.058420e+06 2.010775e-30
9.305720e+06 6.883357e-31
1.074610e+07 1.172723e-31
1.240940e+07 3.406420e-32
1.433010e+07 9.303325e-33
1.654820e+07 2.438613e-33
1.910950e+07 1.957502e-34
2.206730e+07 3.704078e-35
2.548300e+07 6.261105e-36
2.942730e+07 1.036767e-36
3.398210e+07 2.978572e-38
3.924190e+07 2.775111e-39
4.531580e+07 1.979774e-40
5.232990e+07 1.280927e-41
6.042960e+07 8.761289e-44
6.978310e+07 2.422146e-45
8.058420e+07 2.900341e-47
9.305720e+07 0.000000e+00
