Ev [GeV]   dN_dEv [s^-1 GeV^-1]
3.398210e-02 1.080568e-06
3.924190e-02 1.039300e-06
4.531580e-02 9.845006e-07
5.232990e-02 9.209415e-07
6.042960e-02 8.421357e-07
6.978310e-02 7.513352e-07
8.058420e-02 6.496128e-07
9.305720e-02 5.407443e-07
1.074610e-01 4.291051e-07
1.240940e-01 3.368632e-07
1.433010e-01 2.600052e-07
1.654820e-01 1.978251e-07
1.910950e-01 1.463633e-07
2.206730e-01 1.099290e-07
2.548300e-01 8.196710e-08
2.942730e-01 6.067825e-08
3.398210e-01 4.428441e-08
3.924190e-01 3.292905e-08
4.531580e-01 2.442972e-08
5.232990e-01 1.808792e-08
6.042960e-01 1.329385e-08
6.978310e-01 9.955577e-09
8.058420e-01 7.450760e-09
9.305720e-01 5.568188e-09
1.074610e+00 4.116368e-09
1.240940e+00 3.102346e-09
1.433010e+00 2.333141e-09
1.654820e+00 1.750259e-09
1.910950e+00 1.296328e-09
2.206730e+00 9.790735e-10
2.548300e+00 7.375413e-10
2.942730e+00 5.539680e-10
3.398210e+00 4.107136e-10
3.924190e+00 3.101353e-10
4.531580e+00 2.334205e-10
5.232990e+00 1.750500e-10
6.042960e+00 1.296603e-10
6.978310e+00 9.777093e-11
8.058420e+00 7.353874e-11
9.305720e+00 5.516957e-11
1.074610e+01 4.092966e-11
1.240940e+01 3.092446e-11
1.433010e+01 2.330797e-11
1.654820e+01 1.751644e-11
1.910950e+01 1.298419e-11
2.206730e+01 9.808853e-12
2.548300e+01 7.387957e-12
2.942730e+01 5.547197e-12
3.398210e+01 4.103238e-12
3.924190e+01 3.098794e-12
4.531580e+01 2.334657e-12
5.232990e+01 1.754233e-12
6.042960e+01 1.298153e-12
6.978310e+01 9.815738e-13
8.058420e+01 7.404302e-13
9.305720e+01 5.569413e-13
1.074610e+02 4.121859e-13
1.240940e+02 3.116866e-13
1.433010e+02 2.350322e-13
1.654820e+02 1.766562e-13
1.910950e+02 1.305413e-13
2.206730e+02 9.858184e-14
2.548300e+02 7.422378e-14
2.942730e+02 5.569413e-14
3.398210e+02 4.106511e-14
3.924190e+02 3.095199e-14
4.531580e+02 2.325530e-14
5.232990e+02 1.740946e-14
6.042960e+02 1.279907e-14
6.978310e+02 9.621753e-15
8.058420e+02 7.208417e-15
9.305720e+02 5.379441e-15
1.074610e+03 3.939291e-15
1.240940e+03 2.950841e-15
1.433010e+03 2.202141e-15
1.654820e+03 1.636407e-15
1.910950e+03 1.191970e-15
2.206730e+03 8.885939e-16
2.548300e+03 6.596689e-16
2.942730e+03 4.874018e-16
3.398210e+03 3.524892e-16
3.924190e+03 2.610860e-16
4.531580e+03 1.924684e-16
5.232990e+03 1.411236e-16
6.042960e+03 1.010830e-16
6.978310e+03 7.423054e-17
8.058420e+03 5.421338e-17
9.305720e+03 3.934907e-17
1.074610e+04 2.782333e-17
1.240940e+04 2.020084e-17
1.433010e+04 1.457255e-17
1.654820e+04 1.043574e-17
1.910950e+04 7.252975e-18
2.206730e+04 5.187315e-18
2.548300e+04 3.681570e-18
2.942730e+04 2.590139e-18
3.398210e+04 1.759107e-18
3.924190e+04 1.233432e-18
4.531580e+04 8.567996e-19
5.232990e+04 5.888665e-19
6.042960e+04 3.877239e-19
6.978310e+04 2.648419e-19
8.058420e+04 1.788346e-19
9.305720e+04 1.191780e-19
1.074610e+05 7.524164e-20
1.240940e+05 4.964865e-20
1.433010e+05 3.229362e-20
1.654820e+05 2.066053e-20
1.910950e+05 1.231515e-20
2.206730e+05 7.761819e-21
2.548300e+05 4.804204e-21
2.942730e+05 2.911842e-21
3.398210e+05 1.602556e-21
3.924190e+05 9.502187e-22
4.531580e+05 5.506272e-22
5.232990e+05 3.106485e-22
6.042960e+05 1.527855e-22
6.978310e+05 8.350065e-23
8.058420e+05 4.432918e-23
9.305720e+05 2.274388e-23
1.074610e+06 9.517940e-24
1.240940e+06 4.662886e-24
1.433010e+06 2.202851e-24
1.654820e+06 9.966516e-25
1.910950e+06 3.286295e-25
2.206730e+06 1.386757e-25
2.548300e+06 5.596823e-26
2.942730e+06 2.143249e-26
3.398210e+06 4.881493e-27
3.924190e+06 1.663530e-27
4.531580e+06 5.375640e-28
5.232990e+06 1.651024e-28
6.042960e+06 2.065009e-29
6.978310e+06 5.054064e-30
8.058420e+06 1.144714e-30
9.305720e+06 2.517593e-31
1.074610e+07 1.308150e-32
1.240940e+07 1.866971e-33
1.433010e+07 2.251505e-34
1.654820e+07 2.631791e-35
1.910950e+07 4.189941e-37
2.206730e+07 2.437182e-38
2.548300e+07 9.694777e-40
2.942730e+07 3.031421e-41
3.398210e+07 8.795430e-44
3.924190e+07 1.145314e-45
4.531580e+07 6.895922e-48
5.232990e+07 1.852501e-50
6.042960e+07 3.363297e-54
6.978310e+07 1.950633e-57
8.058420e+07 2.551626e-61
9.305720e+07 0.000000e+00
