Ev [GeV]   dN_dEv [s^-1 GeV^-1]
3.398210e-02 4.955111e-06
3.924190e-02 4.765872e-06
4.531580e-02 4.514580e-06
5.232990e-02 4.223120e-06
6.042960e-02 3.861743e-06
6.978310e-02 3.445364e-06
8.058420e-02 2.978900e-06
9.305720e-02 2.479666e-06
1.074610e-01 1.967728e-06
1.240940e-01 1.544738e-06
1.433010e-01 1.192294e-06
1.654820e-01 9.071574e-07
1.910950e-01 6.711714e-07
2.206730e-01 5.040966e-07
2.548300e-01 3.758728e-07
2.942730e-01 2.782495e-07
3.398210e-01 2.030730e-07
3.924190e-01 1.510012e-07
4.531580e-01 1.120263e-07
5.232990e-01 8.294496e-08
6.042960e-01 6.096102e-08
6.978310e-01 4.565284e-08
8.058420e-01 3.416661e-08
9.305720e-01 2.553379e-08
1.074610e+00 1.887624e-08
1.240940e+00 1.422629e-08
1.433010e+00 1.069898e-08
1.654820e+00 8.026083e-09
1.910950e+00 5.944514e-09
2.206730e+00 4.489693e-09
2.548300e+00 3.382110e-09
2.942730e+00 2.540306e-09
3.398210e+00 1.883391e-09
3.924190e+00 1.422173e-09
4.531580e+00 1.070386e-09
5.232990e+00 8.027187e-10
6.042960e+00 5.945773e-10
6.978310e+00 4.483437e-10
8.058420e+00 3.372232e-10
9.305720e+00 2.529886e-10
1.074610e+01 1.876893e-10
1.240940e+01 1.418089e-10
1.433010e+01 1.068823e-10
1.654820e+01 8.032436e-11
1.910950e+01 5.954101e-11
2.206730e+01 4.498001e-11
2.548300e+01 3.387862e-11
2.942730e+01 2.543753e-11
3.398210e+01 1.881603e-11
3.924190e+01 1.421000e-11
4.531580e+01 1.070593e-11
5.232990e+01 8.044308e-12
6.042960e+01 5.952880e-12
6.978310e+01 4.501158e-12
8.058420e+01 3.395357e-12
9.305720e+01 2.553940e-12
1.074610e+02 1.890142e-12
1.240940e+02 1.429287e-12
1.433010e+02 1.077776e-12
1.654820e+02 8.100841e-13
1.910950e+02 5.986173e-13
2.206730e+02 4.520622e-13
2.548300e+02 3.403646e-13
2.942730e+02 2.553940e-13
3.398210e+02 1.883104e-13
3.924190e+02 1.419352e-13
4.531580e+02 1.066408e-13
5.232990e+02 7.983378e-14
6.042960e+02 5.869213e-14
6.978310e+02 4.412204e-14
8.058420e+02 3.305531e-14
9.305720e+02 2.466826e-14
1.074610e+03 1.806423e-14
1.240940e+03 1.353154e-14
1.433010e+03 1.009826e-14
1.654820e+03 7.503996e-15
1.910950e+03 5.465965e-15
2.206730e+03 4.074785e-15
2.548300e+03 3.025014e-15
2.942730e+03 2.235056e-15
3.398210e+03 1.616394e-15
3.924190e+03 1.197250e-15
4.531580e+03 8.825937e-16
5.232990e+03 6.471443e-16
6.042960e+03 4.635316e-16
6.978310e+03 3.403956e-16
8.058420e+03 2.486038e-16
9.305720e+03 1.804412e-16
1.074610e+04 1.275882e-16
1.240940e+04 9.263408e-17
1.433010e+04 6.682470e-17
1.654820e+04 4.785472e-17
1.910950e+04 3.325964e-17
2.206730e+04 2.378723e-17
2.548300e+04 1.688241e-17
2.942730e+04 1.187748e-17
3.398210e+04 8.066658e-18
3.924190e+04 5.656094e-18
4.531580e+04 3.928987e-18
5.232990e+04 2.700339e-18
6.042960e+04 1.777968e-18
6.978310e+04 1.214474e-18
8.058420e+04 8.200738e-19
9.305720e+04 5.465093e-19
1.074610e+05 3.450322e-19
1.240940e+05 2.276715e-19
1.433010e+05 1.480874e-19
1.654820e+05 9.474203e-20
1.910950e+05 5.647302e-20
2.206730e+05 3.559302e-20
2.548300e+05 2.203042e-20
2.942730e+05 1.335270e-20
3.398210e+05 7.348766e-21
3.924190e+05 4.357375e-21
4.531580e+05 2.524986e-21
5.232990e+05 1.424527e-21
6.042960e+05 7.006215e-22
6.978310e+05 3.829051e-22
8.058420e+05 2.032783e-22
9.305720e+05 1.042956e-22
1.074610e+06 4.364599e-23
1.240940e+06 2.138238e-23
1.433010e+06 1.010151e-23
1.654820e+06 4.570300e-24
1.910950e+06 1.506981e-24
2.206730e+06 6.359189e-25
2.548300e+06 2.566510e-25
2.942730e+06 9.828200e-26
3.398210e+06 2.238484e-26
3.924190e+06 7.628374e-27
4.531580e+06 2.465083e-27
5.232990e+06 7.571027e-28
6.042960e+06 9.469419e-29
6.978310e+06 2.317619e-29
8.058420e+06 5.249263e-30
9.305720e+06 1.154481e-30
1.074610e+07 5.998723e-32
1.240940e+07 8.561282e-33
1.433010e+07 1.032463e-33
1.654820e+07 1.206849e-34
1.910950e+07 1.921362e-36
2.206730e+07 1.117607e-37
2.548300e+07 4.445690e-39
2.942730e+07 1.390105e-40
3.398210e+07 4.033280e-43
3.924190e+07 5.252013e-45
4.531580e+07 3.162232e-47
5.232990e+07 8.494929e-50
6.042960e+07 1.542292e-53
6.978310e+07 8.944931e-57
8.058420e+07 1.170087e-60
9.305720e+07 0.000000e+00
