Ev [GeV]   dN_dEv [s^-1 GeV^-1]
3.398210e-02 4.955792e-06
3.924190e-02 4.766527e-06
4.531580e-02 4.515200e-06
5.232990e-02 4.223700e-06
6.042960e-02 3.862274e-06
6.978310e-02 3.445837e-06
8.058420e-02 2.979309e-06
9.305720e-02 2.480007e-06
1.074610e-01 1.967998e-06
1.240940e-01 1.544950e-06
1.433010e-01 1.192458e-06
1.654820e-01 9.072821e-07
1.910950e-01 6.712637e-07
2.206730e-01 5.041659e-07
2.548300e-01 3.759245e-07
2.942730e-01 2.782877e-07
3.398210e-01 2.031009e-07
3.924190e-01 1.510220e-07
4.531580e-01 1.120417e-07
5.232990e-01 8.295636e-08
6.042960e-01 6.096940e-08
6.978310e-01 4.565911e-08
8.058420e-01 3.417131e-08
9.305720e-01 2.553730e-08
1.074610e+00 1.887884e-08
1.240940e+00 1.422824e-08
1.433010e+00 1.070045e-08
1.654820e+00 8.027186e-09
1.910950e+00 5.945331e-09
2.206730e+00 4.490310e-09
2.548300e+00 3.382575e-09
2.942730e+00 2.540655e-09
3.398210e+00 1.883649e-09
3.924190e+00 1.422369e-09
4.531580e+00 1.070533e-09
5.232990e+00 8.028290e-10
6.042960e+00 5.946590e-10
6.978310e+00 4.484053e-10
8.058420e+00 3.372696e-10
9.305720e+00 2.530234e-10
1.074610e+01 1.877151e-10
1.240940e+01 1.418284e-10
1.433010e+01 1.068970e-10
1.654820e+01 8.033540e-11
1.910950e+01 5.954919e-11
2.206730e+01 4.498619e-11
2.548300e+01 3.388328e-11
2.942730e+01 2.544103e-11
3.398210e+01 1.881862e-11
3.924190e+01 1.421195e-11
4.531580e+01 1.070740e-11
5.232990e+01 8.045413e-12
6.042960e+01 5.953699e-12
6.978310e+01 4.501777e-12
8.058420e+01 3.395824e-12
9.305720e+01 2.554291e-12
1.074610e+02 1.890402e-12
1.240940e+02 1.429483e-12
1.433010e+02 1.077925e-12
1.654820e+02 8.101955e-13
1.910950e+02 5.986996e-13
2.206730e+02 4.521244e-13
2.548300e+02 3.404114e-13
2.942730e+02 2.554291e-13
3.398210e+02 1.883363e-13
3.924190e+02 1.419547e-13
4.531580e+02 1.066554e-13
5.232990e+02 7.984475e-14
6.042960e+02 5.870020e-14
6.978310e+02 4.412810e-14
8.058420e+02 3.305985e-14
9.305720e+02 2.467165e-14
1.074610e+03 1.806671e-14
1.240940e+03 1.353340e-14
1.433010e+03 1.009965e-14
1.654820e+03 7.505027e-15
1.910950e+03 5.466716e-15
2.206730e+03 4.075345e-15
2.548300e+03 3.025429e-15
2.942730e+03 2.235363e-15
3.398210e+03 1.616616e-15
3.924190e+03 1.197415e-15
4.531580e+03 8.827150e-16
5.232990e+03 6.472332e-16
6.042960e+03 4.635953e-16
6.978310e+03 3.404424e-16
8.058420e+03 2.486380e-16
9.305720e+03 1.804660e-16
1.074610e+04 1.276057e-16
1.240940e+04 9.264681e-17
1.433010e+04 6.683388e-17
1.654820e+04 4.786129e-17
1.910950e+04 3.326421e-17
2.206730e+04 2.379050e-17
2.548300e+04 1.688473e-17
2.942730e+04 1.187912e-17
3.398210e+04 8.067767e-18
3.924190e+04 5.656872e-18
4.531580e+04 3.929527e-18
5.232990e+04 2.700710e-18
6.042960e+04 1.778212e-18
6.978310e+04 1.214640e-18
8.058420e+04 8.201865e-19
9.305720e+04 5.465844e-19
1.074610e+05 3.450796e-19
1.240940e+05 2.277028e-19
1.433010e+05 1.481078e-19
1.654820e+05 9.475505e-20
1.910950e+05 5.648078e-20
2.206730e+05 3.559791e-20
2.548300e+05 2.203345e-20
2.942730e+05 1.335453e-20
3.398210e+05 7.349776e-21
3.924190e+05 4.357973e-21
4.531580e+05 2.525333e-21
5.232990e+05 1.424722e-21
6.042960e+05 7.007178e-22
6.978310e+05 3.829578e-22
8.058420e+05 2.033062e-22
9.305720e+05 1.043099e-22
1.074610e+06 4.365198e-23
1.240940e+06 2.138532e-23
1.433010e+06 1.010290e-23
1.654820e+06 4.570928e-24
1.910950e+06 1.507188e-24
2.206730e+06 6.360063e-25
2.548300e+06 2.566863e-25
2.942730e+06 9.829551e-26
3.398210e+06 2.238792e-26
3.924190e+06 7.629422e-27
4.531580e+06 2.465422e-27
5.232990e+06 7.572067e-28
6.042960e+06 9.470721e-29
6.978310e+06 2.317938e-29
8.058420e+06 5.249984e-30
9.305720e+06 1.154640e-30
1.074610e+07 5.999547e-32
1.240940e+07 8.562459e-33
1.433010e+07 1.032604e-33
1.654820e+07 1.207014e-34
1.910950e+07 1.921626e-36
2.206730e+07 1.117761e-37
2.548300e+07 4.446301e-39
2.942730e+07 1.390296e-40
3.398210e+07 4.033835e-43
3.924190e+07 5.252735e-45
4.531580e+07 3.162666e-47
5.232990e+07 8.496097e-50
6.042960e+07 1.542504e-53
6.978310e+07 8.946160e-57
8.058420e+07 1.170248e-60
9.305720e+07 0.000000e+00
