Ev [GeV]   dN_dEv [s^-1 GeV^-1]
3.398210e-02 3.645340e-07
3.924190e-02 3.506122e-07
4.531580e-02 3.321253e-07
5.232990e-02 3.106834e-07
6.042960e-02 2.840979e-07
6.978310e-02 2.534660e-07
8.058420e-02 2.191495e-07
9.305720e-02 1.824223e-07
1.074610e-01 1.447604e-07
1.240940e-01 1.136422e-07
1.433010e-01 8.771382e-08
1.654820e-01 6.673710e-08
1.910950e-01 4.937625e-08
2.206730e-01 3.708501e-08
2.548300e-01 2.765194e-08
2.942730e-01 2.047006e-08
3.398210e-01 1.493953e-08
3.924190e-01 1.110875e-08
4.531580e-01 8.241467e-09
5.232990e-01 6.102034e-09
6.042960e-01 4.484736e-09
6.978310e-01 3.358555e-09
8.058420e-01 2.513544e-09
9.305720e-01 1.878451e-09
1.074610e+00 1.388674e-09
1.240940e+00 1.046589e-09
1.433010e+00 7.870946e-10
1.654820e+00 5.904571e-10
1.910950e+00 4.373217e-10
2.206730e+00 3.302944e-10
2.548300e+00 2.488126e-10
2.942730e+00 1.868834e-10
3.398210e+00 1.385559e-10
3.924190e+00 1.046254e-10
4.531580e+00 7.874537e-11
5.232990e+00 5.905383e-11
6.042960e+00 4.374143e-11
6.978310e+00 3.298342e-11
8.058420e+00 2.480859e-11
9.305720e+00 1.861168e-11
1.074610e+01 1.380779e-11
1.240940e+01 1.043249e-11
1.433010e+01 7.863039e-12
1.654820e+01 5.909244e-12
1.910950e+01 4.380269e-12
2.206730e+01 3.309057e-12
2.548300e+01 2.492358e-12
2.942730e+01 1.871370e-12
3.398210e+01 1.384244e-12
3.924190e+01 1.045391e-12
4.531580e+01 7.876061e-13
5.232990e+01 5.917978e-13
6.042960e+01 4.379372e-13
6.978310e+01 3.311379e-13
8.058420e+01 2.497872e-13
9.305720e+01 1.878864e-13
1.074610e+02 1.390526e-13
1.240940e+02 1.051487e-13
1.433010e+02 7.928908e-14
1.654820e+02 5.959568e-14
1.910950e+02 4.403864e-14
2.206730e+02 3.325699e-14
2.548300e+02 2.503970e-14
2.942730e+02 1.878864e-14
3.398210e+02 1.385348e-14
3.924190e+02 1.044178e-14
4.531580e+02 7.845271e-15
5.232990e+02 5.873154e-15
6.042960e+02 4.317820e-15
6.978310e+02 3.245938e-15
8.058420e+02 2.431789e-15
9.305720e+02 1.814776e-15
1.074610e+03 1.328936e-15
1.240940e+03 9.954783e-16
1.433010e+03 7.429014e-16
1.654820e+03 5.520485e-16
1.910950e+03 4.021161e-16
2.206730e+03 2.997708e-16
2.548300e+03 2.225420e-16
2.942730e+03 1.644270e-16
3.398210e+03 1.189137e-16
3.924190e+03 8.807842e-17
4.531580e+03 6.493001e-17
5.232990e+03 4.760864e-17
6.042960e+03 3.410076e-17
6.978310e+03 2.504198e-17
8.058420e+03 1.828911e-17
9.305720e+03 1.327457e-17
1.074610e+04 9.386314e-18
1.240940e+04 6.814837e-18
1.433010e+04 4.916111e-18
1.654820e+04 3.520541e-18
1.910950e+04 2.446821e-18
2.206730e+04 1.749962e-18
2.548300e+04 1.241993e-18
2.942730e+04 8.737941e-19
3.398210e+04 5.934420e-19
3.924190e+04 4.161034e-19
4.531580e+04 2.890449e-19
5.232990e+04 1.986565e-19
6.042960e+04 1.308003e-19
6.978310e+04 8.934550e-20
8.058420e+04 6.033060e-20
9.305720e+04 4.020520e-20
1.074610e+05 2.538308e-20
1.240940e+05 1.674917e-20
1.433010e+05 1.089439e-20
1.654820e+05 6.969913e-21
1.910950e+05 4.154566e-21
2.206730e+05 2.618482e-21
2.548300e+05 1.620718e-21
2.942730e+05 9.823217e-22
3.398210e+05 5.406287e-22
3.924190e+05 3.205602e-22
4.531580e+05 1.857563e-22
5.232990e+05 1.047985e-22
6.042960e+05 5.154281e-23
6.978310e+05 2.816929e-23
8.058420e+05 1.495463e-23
9.305720e+05 7.672742e-24
1.074610e+06 3.210916e-24
1.240940e+06 1.573044e-24
1.433010e+06 7.431408e-25
1.654820e+06 3.362245e-25
1.910950e+06 1.108645e-25
2.206730e+06 4.678282e-26
2.548300e+06 1.888111e-26
2.942730e+06 7.230339e-27
3.398210e+06 1.646792e-27
3.924190e+06 5.611986e-28
4.531580e+06 1.813494e-28
5.232990e+06 5.569798e-29
6.042960e+06 6.966394e-30
6.978310e+06 1.705009e-30
8.058420e+06 3.861739e-31
9.305720e+06 8.493202e-32
1.074610e+07 4.413097e-33
1.240940e+07 6.298302e-34
1.433010e+07 7.595546e-35
1.654820e+07 8.878456e-36
1.910950e+07 1.413494e-37
2.206730e+07 8.221933e-39
2.548300e+07 3.270573e-40
2.942730e+07 1.022662e-41
3.398210e+07 2.967174e-44
3.924190e+07 3.863763e-46
4.531580e+07 2.326368e-48
5.232990e+07 6.249488e-51
6.042960e+07 1.134622e-54
6.978310e+07 6.580542e-58
8.058420e+07 8.608013e-62
9.305720e+07 0.000000e+00
