Ev [GeV]   dN_dEv [s^-1 GeV^-1]
3.398210e-02 4.533598e-08
3.924190e-02 4.360457e-08
4.531580e-02 4.130542e-08
5.232990e-02 3.863875e-08
6.042960e-02 3.533240e-08
6.978310e-02 3.152280e-08
8.058420e-02 2.725496e-08
9.305720e-02 2.268731e-08
1.074610e-01 1.800341e-08
1.240940e-01 1.413333e-08
1.433010e-01 1.090870e-08
1.654820e-01 8.299890e-09
1.910950e-01 6.140775e-09
2.206730e-01 4.612151e-09
2.548300e-01 3.438988e-09
2.942730e-01 2.545799e-09
3.398210e-01 1.857984e-09
3.924190e-01 1.381561e-09
4.531580e-01 1.024966e-09
5.232990e-01 7.588915e-10
6.042960e-01 5.577530e-10
6.978310e-01 4.176932e-10
8.058420e-01 3.126019e-10
9.305720e-01 2.336173e-10
1.074610e+00 1.727051e-10
1.240940e+00 1.301611e-10
1.433010e+00 9.788857e-11
1.654820e+00 7.343335e-11
1.910950e+00 5.438837e-11
2.206730e+00 4.107772e-11
2.548300e+00 3.094407e-11
2.942730e+00 2.324212e-11
3.398210e+00 1.723178e-11
3.924190e+00 1.301195e-11
4.531580e+00 9.793322e-12
5.232990e+00 7.344345e-12
6.042960e+00 5.439988e-12
6.978310e+00 4.102048e-12
8.058420e+00 3.085370e-12
9.305720e+00 2.314678e-12
1.074610e+01 1.717233e-12
1.240940e+01 1.297457e-12
1.433010e+01 9.779022e-13
1.654820e+01 7.349147e-13
1.910950e+01 5.447608e-13
2.206730e+01 4.115374e-13
2.548300e+01 3.099669e-13
2.942730e+01 2.327366e-13
3.398210e+01 1.721542e-13
3.924190e+01 1.300121e-13
4.531580e+01 9.795218e-14
5.232990e+01 7.360009e-14
6.042960e+01 5.446492e-14
6.978310e+01 4.118262e-14
8.058420e+01 3.106527e-14
9.305720e+01 2.336686e-14
1.074610e+02 1.729355e-14
1.240940e+02 1.307703e-14
1.433010e+02 9.860942e-15
1.654820e+02 7.411734e-15
1.910950e+02 5.476952e-15
2.206730e+02 4.136070e-15
2.548300e+02 3.114111e-15
2.942730e+02 2.336686e-15
3.398210e+02 1.722916e-15
3.924190e+02 1.298613e-15
4.531580e+02 9.756926e-16
5.232990e+02 7.304263e-16
6.042960e+02 5.369942e-16
6.978310e+02 4.036874e-16
8.058420e+02 3.024342e-16
9.305720e+02 2.256982e-16
1.074610e+03 1.652757e-16
1.240940e+03 1.238046e-16
1.433010e+03 9.239239e-17
1.654820e+03 6.865660e-17
1.910950e+03 5.000996e-17
2.206730e+03 3.728159e-17
2.548300e+03 2.767687e-17
2.942730e+03 2.044928e-17
3.398210e+03 1.478893e-17
3.924190e+03 1.095405e-17
4.531580e+03 8.075149e-18
5.232990e+03 5.920942e-18
6.042960e+03 4.241008e-18
6.978310e+03 3.114395e-18
8.058420e+03 2.274561e-18
9.305720e+03 1.650918e-18
1.074610e+04 1.167347e-18
1.240940e+04 8.475406e-19
1.433010e+04 6.114018e-19
1.654820e+04 4.378390e-19
1.910950e+04 3.043037e-19
2.206730e+04 2.176375e-19
2.548300e+04 1.544629e-19
2.942730e+04 1.086711e-19
3.398210e+04 7.380458e-20
3.924190e+04 5.174952e-20
4.531580e+04 3.594763e-20
5.232990e+04 2.470631e-20
6.042960e+04 1.626723e-20
6.978310e+04 1.111163e-20
8.058420e+04 7.503133e-21
9.305720e+04 5.000199e-21
1.074610e+05 3.156816e-21
1.240940e+05 2.083044e-21
1.433010e+05 1.354902e-21
1.654820e+05 8.668269e-22
1.910950e+05 5.166907e-22
2.206730e+05 3.256526e-22
2.548300e+05 2.015637e-22
2.942730e+05 1.221684e-22
3.398210e+05 6.723635e-23
3.924190e+05 3.986709e-23
4.531580e+05 2.310195e-23
5.232990e+05 1.303348e-23
6.042960e+05 6.410223e-24
6.978310e+05 3.503329e-24
8.058420e+05 1.859862e-24
9.305720e+05 9.542356e-25
1.074610e+06 3.993319e-25
1.240940e+06 1.956347e-25
1.433010e+06 9.242216e-26
1.654820e+06 4.181522e-26
1.910950e+06 1.378788e-26
2.206730e+06 5.818237e-27
2.548300e+06 2.348187e-27
2.942730e+06 8.992153e-28
3.398210e+06 2.048065e-28
3.924190e+06 6.979457e-29
4.531580e+06 2.255388e-29
5.232990e+06 6.926988e-30
6.042960e+06 8.663892e-31
6.978310e+06 2.120468e-31
8.058420e+06 4.802728e-32
9.305720e+06 1.056274e-32
1.074610e+07 5.488435e-34
1.240940e+07 7.833006e-35
1.433010e+07 9.446349e-36
1.654820e+07 1.104187e-36
1.910950e+07 1.757919e-38
2.206730e+07 1.022537e-39
2.548300e+07 4.067512e-41
2.942730e+07 1.271854e-42
3.398210e+07 3.690185e-45
3.924190e+07 4.805244e-47
4.531580e+07 2.893233e-49
5.232990e+07 7.772298e-52
6.042960e+07 1.411095e-55
6.978310e+07 8.184020e-59
8.058420e+07 1.070552e-62
9.305720e+07 0.000000e+00
