Ev [GeV]   dN_dEv [s^-1 GeV^-1]
3.398210e-02 1.831088e-07
3.924190e-02 1.761158e-07
4.531580e-02 1.668297e-07
5.232990e-02 1.560592e-07
6.042960e-02 1.427051e-07
6.978310e-02 1.273184e-07
8.058420e-02 1.100809e-07
9.305720e-02 9.163243e-08
1.074610e-01 7.271449e-08
1.240940e-01 5.708352e-08
1.433010e-01 4.405947e-08
1.654820e-01 3.352267e-08
1.910950e-01 2.480215e-08
2.206730e-01 1.862815e-08
2.548300e-01 1.388983e-08
2.942730e-01 1.028230e-08
3.398210e-01 7.504264e-09
3.924190e-01 5.580028e-09
4.531580e-01 4.139766e-09
5.232990e-01 3.065109e-09
6.042960e-01 2.252725e-09
6.978310e-01 1.687033e-09
8.058420e-01 1.262577e-09
9.305720e-01 9.435636e-10
1.074610e+00 6.975438e-10
1.240940e+00 5.257115e-10
1.433010e+00 3.953650e-10
1.654820e+00 2.965921e-10
1.910950e+00 2.196708e-10
2.206730e+00 1.659100e-10
2.548300e+00 1.249809e-10
2.942730e+00 9.387326e-11
3.398210e+00 6.959793e-11
3.924190e+00 5.255433e-11
4.531580e+00 3.955454e-11
5.232990e+00 2.966329e-11
6.042960e+00 2.197173e-11
6.978310e+00 1.656788e-11
8.058420e+00 1.246159e-11
9.305720e+00 9.348822e-12
1.074610e+01 6.935782e-12
1.240940e+01 5.240339e-12
1.433010e+01 3.949678e-12
1.654820e+01 2.968269e-12
1.910950e+01 2.200250e-12
2.206730e+01 1.662170e-12
2.548300e+01 1.251935e-12
2.942730e+01 9.400066e-13
3.398210e+01 6.953187e-13
3.924190e+01 5.251096e-13
4.531580e+01 3.956219e-13
5.232990e+01 2.972656e-13
6.042960e+01 2.199799e-13
6.978310e+01 1.663337e-13
8.058420e+01 1.254704e-13
9.305720e+01 9.437711e-14
1.074610e+02 6.984742e-14
1.240940e+02 5.281720e-14
1.433010e+02 3.982764e-14
1.654820e+02 2.993547e-14
1.910950e+02 2.212102e-14
2.206730e+02 1.670530e-14
2.548300e+02 1.257767e-14
2.942730e+02 9.437711e-15
3.398210e+02 6.958734e-15
3.924190e+02 5.245005e-15
4.531580e+02 3.940753e-15
5.232990e+02 2.950140e-15
6.042960e+02 2.168881e-15
6.978310e+02 1.630465e-15
8.058420e+02 1.221510e-15
9.305720e+02 9.115792e-16
1.074610e+03 6.675369e-16
1.240940e+03 5.000381e-16
1.433010e+03 3.731663e-16
1.654820e+03 2.772991e-16
1.910950e+03 2.019867e-16
2.206730e+03 1.505777e-16
2.548300e+03 1.117849e-16
2.942730e+03 8.259321e-17
3.398210e+03 5.973145e-17
3.924190e+03 4.424262e-17
4.531580e+03 3.261495e-17
5.232990e+03 2.391426e-17
6.042960e+03 1.712913e-17
6.978310e+03 1.257882e-17
8.058420e+03 9.186789e-18
9.305720e+03 6.667940e-18
1.074610e+04 4.714833e-18
1.240940e+04 3.423156e-18
1.433010e+04 2.469408e-18
1.654820e+04 1.768401e-18
1.910950e+04 1.229061e-18
2.206730e+04 8.790223e-19
2.548300e+04 6.238646e-19
2.942730e+04 4.389150e-19
3.398210e+04 2.980915e-19
3.924190e+04 2.090127e-19
4.531580e+04 1.451899e-19
5.232990e+04 9.978704e-20
6.042960e+04 6.570219e-20
6.978310e+04 4.487908e-20
8.058420e+04 3.030462e-20
9.305720e+04 2.019545e-20
1.074610e+05 1.275016e-20
1.240940e+05 8.413267e-21
1.433010e+05 5.472352e-21
1.654820e+05 3.501052e-21
1.910950e+05 2.086877e-21
2.206730e+05 1.315288e-21
2.548300e+05 8.141017e-22
2.942730e+05 4.934294e-22
3.398210e+05 2.715629e-22
3.924190e+05 1.610204e-22
4.531580e+05 9.330715e-23
5.232990e+05 5.264128e-23
6.042960e+05 2.589044e-23
6.978310e+05 1.414970e-23
8.058420e+05 7.511851e-24
9.305720e+05 3.854090e-24
1.074610e+06 1.612873e-24
1.240940e+06 7.901546e-25
1.433010e+06 3.732866e-25
1.654820e+06 1.688887e-25
1.910950e+06 5.568828e-26
2.206730e+06 2.349945e-26
2.548300e+06 9.484160e-27
2.942730e+06 3.631867e-27
3.398210e+06 8.271989e-28
3.924190e+06 2.818953e-28
4.531580e+06 9.109351e-29
5.232990e+06 2.797762e-29
6.042960e+06 3.499285e-30
6.978310e+06 8.564422e-31
8.058420e+06 1.939788e-31
9.305720e+06 4.266215e-32
1.074610e+07 2.216740e-33
1.240940e+07 3.163696e-34
1.433010e+07 3.815314e-35
1.654820e+07 4.459731e-36
1.910950e+07 7.100112e-38
2.206730e+07 4.129954e-39
2.548300e+07 1.642839e-40
2.942730e+07 5.136928e-42
3.398210e+07 1.490440e-44
3.924190e+07 1.940804e-46
4.531580e+07 1.168556e-48
5.232990e+07 3.139176e-51
6.042960e+07 5.699313e-55
6.978310e+07 3.305468e-58
8.058420e+07 4.323886e-62
9.305720e+07 0.000000e+00
