Ev [GeV]   dN_dEv [s^-1 GeV^-1]
3.398210e-02 6.551909e-06
3.924190e-02 6.301688e-06
4.531580e-02 5.969416e-06
5.232990e-02 5.584032e-06
6.042960e-02 5.106201e-06
6.978310e-02 4.555642e-06
8.058420e-02 3.938859e-06
9.305720e-02 3.278746e-06
1.074610e-01 2.601834e-06
1.240940e-01 2.042534e-06
1.433010e-01 1.576514e-06
1.654820e-01 1.199492e-06
1.910950e-01 8.874584e-07
2.206730e-01 6.665432e-07
2.548300e-01 4.969989e-07
2.942730e-01 3.679162e-07
3.398210e-01 2.685139e-07
3.924190e-01 1.996618e-07
4.531580e-01 1.481271e-07
5.232990e-01 1.096742e-07
6.042960e-01 8.060589e-08
6.978310e-01 6.036459e-08
8.058420e-01 4.517690e-08
9.305720e-01 3.376212e-08
1.074610e+00 2.495917e-08
1.240940e+00 1.881075e-08
1.433010e+00 1.414675e-08
1.654820e+00 1.061251e-08
1.910950e+00 7.860150e-09
2.206730e+00 5.936509e-09
2.548300e+00 4.472004e-09
2.942730e+00 3.358927e-09
3.398210e+00 2.490319e-09
3.924190e+00 1.880473e-09
4.531580e+00 1.415321e-09
5.232990e+00 1.061397e-09
6.042960e+00 7.861815e-10
6.978310e+00 5.928238e-10
8.058420e+00 4.458944e-10
9.305720e+00 3.345149e-10
1.074610e+01 2.481727e-10
1.240940e+01 1.875072e-10
1.433010e+01 1.413254e-10
1.654820e+01 1.062091e-10
1.910950e+01 7.872827e-11
2.206730e+01 5.947495e-11
2.548300e+01 4.479610e-11
2.942730e+01 3.363485e-11
3.398210e+01 2.487955e-11
3.924190e+01 1.878921e-11
4.531580e+01 1.415595e-11
5.232990e+01 1.063661e-11
6.042960e+01 7.871213e-12
6.978310e+01 5.951669e-12
8.058420e+01 4.489521e-12
9.305720e+01 3.376955e-12
1.074610e+02 2.499246e-12
1.240940e+02 1.889879e-12
1.433010e+02 1.425093e-12
1.654820e+02 1.071136e-12
1.910950e+02 7.915235e-13
2.206730e+02 5.977406e-13
2.548300e+02 4.500481e-13
2.942730e+02 3.376955e-13
3.398210e+02 2.489940e-13
3.924190e+02 1.876742e-13
4.531580e+02 1.410061e-13
5.232990e+02 1.055604e-13
6.042960e+02 7.760584e-14
6.978310e+02 5.834049e-14
8.058420e+02 4.370748e-14
9.305720e+02 3.261768e-14
1.074610e+03 2.388548e-14
1.240940e+03 1.789212e-14
1.433010e+03 1.335245e-14
1.654820e+03 9.922181e-15
1.910950e+03 7.227387e-15
2.206730e+03 5.387896e-15
2.548300e+03 3.999833e-15
2.942730e+03 2.955309e-15
3.398210e+03 2.137281e-15
3.924190e+03 1.583067e-15
4.531580e+03 1.167012e-15
5.232990e+03 8.556884e-16
6.042960e+03 6.129060e-16
6.978310e+03 4.500891e-16
8.058420e+03 3.287171e-16
9.305720e+03 2.385889e-16
1.074610e+04 1.687038e-16
1.240940e+04 1.224857e-16
1.433010e+04 8.835915e-17
1.654820e+04 6.327604e-17
1.910950e+04 4.397765e-17
2.206730e+04 3.145274e-17
2.548300e+04 2.232281e-17
2.942730e+04 1.570504e-17
3.398210e+04 1.066616e-17
3.924190e+04 7.478787e-18
4.531580e+04 5.195115e-18
5.232990e+04 3.570530e-18
6.042960e+04 2.350923e-18
6.978310e+04 1.605841e-18
8.058420e+04 1.084345e-18
9.305720e+04 7.226235e-19
1.074610e+05 4.562198e-19
1.240940e+05 3.010394e-19
1.433010e+05 1.958090e-19
1.654820e+05 1.252729e-19
1.910950e+05 7.467161e-20
2.206730e+05 4.706298e-20
2.548300e+05 2.912978e-20
2.942730e+05 1.765565e-20
3.398210e+05 9.716928e-21
3.924190e+05 5.761551e-21
4.531580e+05 3.338670e-21
5.232990e+05 1.883584e-21
6.042960e+05 9.263988e-22
6.978310e+05 5.062974e-22
8.058420e+05 2.687853e-22
9.305720e+05 1.379051e-22
1.074610e+06 5.771103e-23
1.240940e+06 2.827292e-23
1.433010e+06 1.335675e-23
1.654820e+06 6.043092e-24
1.910950e+06 1.992610e-24
2.206730e+06 8.408456e-25
2.548300e+06 3.393575e-25
2.942730e+06 1.299537e-25
3.398210e+06 2.959842e-26
3.924190e+06 1.008664e-26
4.531580e+06 3.259463e-27
5.232990e+06 1.001081e-27
6.042960e+06 1.252097e-28
6.978310e+06 3.064479e-29
8.058420e+06 6.940853e-30
9.305720e+06 1.526516e-30
1.074610e+07 7.931829e-32
1.240940e+07 1.132018e-32
1.433010e+07 1.365177e-33
1.654820e+07 1.595759e-34
1.910950e+07 2.540527e-36
2.206730e+07 1.477760e-37
2.548300e+07 5.878326e-39
2.942730e+07 1.838070e-40
3.398210e+07 5.333017e-43
3.924190e+07 6.944489e-45
4.531580e+07 4.181270e-47
5.232990e+07 1.123244e-49
6.042960e+07 2.039300e-53
6.978310e+07 1.182746e-56
8.058420e+07 1.547151e-60
9.305720e+07 0.000000e+00
